# Energy (keV) vs Mass Absorption Coefficient (cm^2/g)
# https://physics.nist.gov/PhysRefData/FFast/html/form.html
1.067676E+00  6.31267E+00  5.2585E-01  1.7255E+03  1.1229E+00  1.7266E+03  1.652E+03  1.161E+00
1.141345E+00  6.29863E+00  4.6573E-01  1.4296E+03  1.1021E+00  1.4307E+03  1.369E+03  1.086E+00
1.220098E+00  6.28281E+00  4.0956E-01  1.1760E+03  1.0794E+00  1.1771E+03  1.126E+03  1.016E+00
1.304285E+00  6.26551E+00  3.6016E-01  9.6744E+02  1.0550E+00  9.6850E+02  9.260E+02  9.506E-01
1.394281E+00  6.24774E+00  3.1672E-01  7.9585E+02  1.0291E+00  7.9688E+02  7.616E+02  8.892E-01
1.490486E+00  6.23009E+00  2.7853E-01  6.5469E+02  1.0018E+00  6.5569E+02  6.264E+02  8.318E-01
1.593329E+00  6.21289E+00  2.4494E-01  5.3858E+02  9.7349E-01  5.3955E+02  5.152E+02  7.781E-01
1.703269E+00  6.19636E+00  2.1540E-01  4.4306E+02  9.4424E-01  4.4400E+02  4.238E+02  7.279E-01
1.820795E+00  6.18064E+00  1.8942E-01  3.6448E+02  9.1427E-01  3.6539E+02  3.485E+02  6.809E-01
1.946430E+00  6.16581E+00  1.6658E-01  2.9984E+02  8.8379E-01  3.0072E+02  2.867E+02  6.370E-01
2.080733E+00  6.15192E+00  1.4650E-01  2.4667E+02  8.5298E-01  2.4752E+02  2.358E+02  5.959E-01
2.224304E+00  6.13897E+00  1.2883E-01  2.0292E+02  8.2201E-01  2.0374E+02  1.939E+02  5.574E-01
2.377781E+00  6.12696E+00  1.1330E-01  1.6694E+02  7.9106E-01  1.6773E+02  1.595E+02  5.214E-01
2.541848E+00  6.11588E+00  9.9638E-02  1.3733E+02  7.6028E-01  1.3809E+02  1.312E+02  4.878E-01
2.717235E+00  6.10571E+00  8.7625E-02  1.1298E+02  7.2982E-01  1.1371E+02  1.079E+02  4.563E-01
2.904724E+00  6.09643E+00  7.7061E-02  9.2946E+01  6.9982E-01  9.3646E+01  8.875E+01  4.268E-01
3.105150E+00  6.08790E+00  6.7420E-02  7.6069E+01  6.7040E-01  7.6739E+01  7.263E+01  3.993E-01
3.319406E+00  6.07984E+00  5.8701E-02  6.1956E+01  6.4168E-01  6.2598E+01  5.915E+01  3.735E-01
3.548445E+00  6.07234E+00  5.1109E-02  5.0461E+01  6.1373E-01  5.1075E+01  4.818E+01  3.494E-01
3.793288E+00  6.06543E+00  4.4499E-02  4.1099E+01  5.8666E-01  4.1686E+01  3.924E+01  3.269E-01
4.055024E+00  6.05909E+00  3.8744E-02  3.3474E+01  5.6054E-01  3.4035E+01  3.196E+01  3.058E-01
4.334821E+00  6.05329E+00  3.3733E-02  2.7264E+01  5.3541E-01  2.7799E+01  2.603E+01  2.860E-01
4.633924E+00  6.04802E+00  2.9370E-02  2.2206E+01  5.1132E-01  2.2717E+01  2.121E+01  2.676E-01
4.953664E+00  6.04323E+00  2.5572E-02  1.8086E+01  4.8832E-01  1.8574E+01  1.727E+01  2.503E-01
5.295467E+00  6.03890E+00  2.2265E-02  1.4731E+01  4.6642E-01  1.5197E+01  1.407E+01  2.341E-01
5.660855E+00  6.03498E+00  1.9289E-02  1.1938E+01  4.4563E-01  1.2384E+01  1.140E+01  2.190E-01
6.051453E+00  6.03140E+00  1.6703E-02  9.6701E+00  4.2596E-01  1.0096E+01  9.231E+00  2.049E-01
6.469004E+00  6.02815E+00  1.4463E-02  7.8329E+00  4.0741E-01  8.2403E+00  7.475E+00  1.917E-01
6.915365E+00  6.02520E+00  1.2524E-02  6.3448E+00  3.8995E-01  6.7348E+00  6.054E+00  1.793E-01
7.392525E+00  6.02255E+00  1.0844E-02  5.1394E+00  3.7356E-01  5.5130E+00  4.902E+00  1.677E-01
7.902609E+00  6.02016E+00  9.3904E-03  4.1630E+00  3.5823E-01  4.5212E+00  3.970E+00  1.569E-01
8.447890E+00  6.01801E+00  8.1313E-03  3.3722E+00  3.4390E-01  3.7161E+00  3.215E+00  1.468E-01
9.030794E+00  6.01610E+00  7.0314E-03  2.7278E+00  3.3056E-01  3.0584E+00  2.600E+00  1.373E-01
9.653919E+00  6.01439E+00  6.0514E-03  2.1961E+00  3.1815E-01  2.5142E+00  2.093E+00  1.284E-01
1.032004E+01  6.01284E+00  5.2079E-03  1.7680E+00  3.0663E-01  2.0746E+00  1.685E+00  1.201E-01
1.103212E+01  6.01144E+00  4.4820E-03  1.4234E+00  2.9595E-01  1.7194E+00  1.356E+00  1.124E-01
1.179334E+01  6.01018E+00  3.8573E-03  1.1459E+00  2.8607E-01  1.4320E+00  1.092E+00  1.051E-01