# Energy (keV) vs Mass Absorption Coefficient (cm^2/g)
# https://physics.nist.gov/PhysRefData/FFast/html/form.html
1.067676E+00  8.1516E+03
1.141345E+00  6.9542E+03
1.220098E+00  5.9242E+03
1.304285E+00  5.0452E+03
1.394281E+00  4.2627E+03
1.490486E+00  3.5922E+03
1.593329E+00  3.0254E+03
1.703269E+00  2.5448E+03
1.820795E+00  2.1408E+03
1.946430E+00  1.8009E+03
2.080733E+00  1.5152E+03
2.224304E+00  1.2754E+03
2.377781E+00  1.0741E+03
2.541848E+00  9.0510E+02
2.717235E+00  7.6326E+02
2.904724E+00  6.4414E+02
3.105150E+00  5.4076E+02
3.319406E+00  4.4901E+02
3.548445E+00  3.7297E+02
3.793288E+00  3.0970E+02
4.055024E+00  2.5667E+02
4.334821E+00  2.1297E+02
4.633924E+00  1.7691E+02
4.953664E+00  1.4714E+02
5.295467E+00  1.2253E+02
5.660855E+00  1.0216E+02
6.051453E+00  8.5288E+01
6.469004E+00  7.1294E+01
6.915365E+00  5.9676E+01
7.392525E+00  5.0016E+01
7.554722E+00  4.7238E+01
7.670355E+00  4.5390E+01
7.701191E+00  4.4915E+01
7.747444E+00  3.6046E+02
7.863078E+00  3.4498E+02
7.902609E+00  3.3989E+02
8.447890E+00  2.8367E+02
9.030794E+00  2.3994E+02
9.653919E+00  2.0136E+02
1.032004E+01  1.6845E+02
1.103212E+01  1.4070E+02
1.179334E+01  1.1754E+02
1.260708E+01  9.8209E+01