# Energy (keV) vs Mass Absorption Coefficient (cm^2/g)
# https://physics.nist.gov/PhysRefData/FFast/html/form.html
1.067676E+00  2.30148E+01  8.0226E+00  6.0811E+03  3.7803E+00  6.0849E+03  0.000E+00  1.161E+00
1.141345E+00  2.33470E+01  7.2353E+00  5.1303E+03  3.8150E+00  5.1341E+03  0.000E+00  1.086E+00
1.220098E+00  2.35870E+01  6.5161E+00  4.3221E+03  3.8380E+00  4.3259E+03  0.000E+00  1.016E+00
1.304285E+00  2.37474E+01  5.8615E+00  3.6370E+03  3.8493E+00  3.6408E+03  0.000E+00  9.506E-01
1.394281E+00  2.38492E+01  5.2721E+00  3.0602E+03  3.8489E+00  3.0640E+03  0.000E+00  8.892E-01
1.490486E+00  2.39066E+01  4.7405E+00  2.5740E+03  3.8370E+00  2.5778E+03  0.000E+00  8.318E-01
1.593329E+00  2.39301E+01  4.2630E+00  2.1653E+03  3.8139E+00  2.1691E+03  0.000E+00  7.781E-01
1.703269E+00  2.39280E+01  3.8344E+00  1.8219E+03  3.7798E+00  1.8257E+03  0.000E+00  7.279E-01
1.820795E+00  2.39099E+01  3.4502E+00  1.5335E+03  3.7353E+00  1.5372E+03  0.000E+00  6.809E-01
1.946430E+00  2.38752E+01  3.1057E+00  1.2913E+03  3.6808E+00  1.2950E+03  0.000E+00  6.370E-01
2.080733E+00  2.38307E+01  2.7971E+00  1.0879E+03  3.6169E+00  1.0915E+03  0.000E+00  5.959E-01
2.224304E+00  2.37813E+01  2.5207E+00  9.1714E+02  3.5444E+00  9.2068E+02  0.000E+00  5.574E-01
2.377781E+00  2.37276E+01  2.2658E+00  7.7117E+02  3.4639E+00  7.7463E+02  0.000E+00  5.214E-01
2.541848E+00  2.36639E+01  2.0299E+00  6.4631E+02  3.3762E+00  6.4969E+02  0.000E+00  4.878E-01
2.717235E+00  2.35939E+01  1.8208E+00  5.4230E+02  3.2820E+00  5.4558E+02  0.000E+00  4.563E-01
2.904724E+00  2.35212E+01  1.6307E+00  4.5435E+02  3.1822E+00  4.5753E+02  0.000E+00  4.268E-01
3.105150E+00  2.34551E+01  1.4474E+00  3.7725E+02  3.0777E+00  3.8033E+02  0.000E+00  3.993E-01
3.319406E+00  2.33672E+01  1.2756E+00  3.1101E+02  2.9691E+00  3.1398E+02  0.000E+00  3.735E-01
3.548445E+00  2.32625E+01  1.1254E+00  2.5667E+02  2.8575E+00  2.5953E+02  0.000E+00  3.494E-01
3.793288E+00  2.31453E+01  9.9380E-01  2.1203E+02  2.7434E+00  2.1477E+02  0.000E+00  3.269E-01
4.055024E+00  2.30137E+01  8.7851E-01  1.7533E+02  2.6278E+00  1.7796E+02  0.000E+00  3.058E-01
4.334821E+00  2.28622E+01  7.7738E-01  1.4514E+02  2.5113E+00  1.4765E+02  0.000E+00  2.860E-01
4.633924E+00  2.26790E+01  6.8860E-01  1.2026E+02  2.3946E+00  1.2265E+02  0.000E+00  2.676E-01
4.953664E+00  2.24400E+01  6.1057E-01  9.9752E+01  2.2784E+00  1.0203E+02  0.000E+00  2.503E-01
5.295467E+00  2.20858E+01  5.4194E-01  8.2824E+01  2.1633E+00  8.4987E+01  0.000E+00  2.341E-01
5.660855E+00  2.13981E+01  4.8151E-01  6.8838E+01  2.0499E+00  7.0888E+01  0.000E+00  2.190E-01
5.869416E+00  2.04015E+01  4.5180E-01  6.2295E+01  1.9892E+00  6.4284E+01  0.000E+00  2.112E-01
5.959254E+00  1.89371E+01  4.3991E-01  5.9743E+01  1.9640E+00  6.1707E+01  0.000E+00  2.081E-01
5.983211E+00  1.71703E+01  4.3683E-01  5.9086E+01  1.9573E+00  6.1043E+01  0.000E+00  2.072E-01
6.019146E+00  1.89719E+01  3.9165E+00  5.2658E+02  1.9474E+00  5.2853E+02  4.685E+02  2.060E-01
6.051453E+00  1.98252E+01  3.8773E+00  5.1854E+02  1.9386E+00  5.2048E+02  4.613E+02  2.049E-01
6.108984E+00  2.06031E+01  3.8091E+00  5.0462E+02  1.9230E+00  5.0654E+02  4.488E+02  2.030E-01
6.469004E+00  2.22661E+01  3.4413E+00  4.3052E+02  1.8299E+00  4.3235E+02  3.828E+02  1.917E-01
6.915365E+00  2.30221E+01  3.0935E+00  3.6203E+02  1.7242E+00  3.6375E+02  3.223E+02  1.793E-01
7.392525E+00  2.34637E+01  2.7898E+00  3.0541E+02  1.6218E+00  3.0703E+02  2.722E+02  1.677E-01
7.902609E+00  2.37651E+01  2.5128E+00  2.5733E+02  1.5230E+00  2.5885E+02  2.296E+02  1.569E-01
8.447890E+00  2.39746E+01  2.2524E+00  2.1578E+02  1.4280E+00  2.1721E+02  1.926E+02  1.468E-01
9.030794E+00  2.41269E+01  2.0153E+00  1.8061E+02  1.3371E+00  1.8195E+02  1.613E+02  1.373E-01
9.653919E+00  2.42270E+01  1.7961E+00  1.5057E+02  1.2502E+00  1.5182E+02  1.347E+02  1.284E-01
1.032004E+01  2.42944E+01  1.6008E+00  1.2554E+02  1.1677E+00  1.2671E+02  1.124E+02  1.201E-01
1.103212E+01  2.43392E+01  1.4269E+00  1.0467E+02  1.0893E+00  1.0576E+02  9.385E+01  1.124E-01
1.179334E+01  2.43684E+01  1.2717E+00  8.7268E+01  1.0153E+00  8.8283E+01  7.835E+01  1.051E-01