# Energy (keV) vs Mass Absorption Coefficient (cm^2/g)
# https://physics.nist.gov/PhysRefData/FFast/html/form.html
1.067676E+00  2.32714E+01  1.0687E+01  7.5419E+03  4.1305E+00  7.5460E+03  0.000E+00  1.161E+00
1.141345E+00  2.40488E+01  9.7229E+00  6.4188E+03  4.1740E+00  6.4230E+03  0.000E+00  1.086E+00
1.220098E+00  2.46633E+01  8.8309E+00  5.4537E+03  4.2047E+00  5.4579E+03  0.000E+00  1.016E+00
1.304285E+00  2.51128E+01  7.9627E+00  4.6001E+03  4.2227E+00  4.6043E+03  0.000E+00  9.506E-01
1.394281E+00  2.54331E+01  7.1798E+00  3.8801E+03  4.2277E+00  3.8843E+03  0.000E+00  8.892E-01
1.490486E+00  2.56643E+01  6.4637E+00  3.2676E+03  4.2200E+00  3.2718E+03  0.000E+00  8.318E-01
1.593329E+00  2.58170E+01  5.8123E+00  2.7487E+03  4.1997E+00  2.7529E+03  0.000E+00  7.781E-01
1.703269E+00  2.59124E+01  5.2261E+00  2.3119E+03  4.1673E+00  2.3161E+03  0.000E+00  7.279E-01
1.820795E+00  2.59647E+01  4.6982E+00  1.9442E+03  4.1231E+00  1.9483E+03  0.000E+00  6.809E-01
1.946430E+00  2.59840E+01  4.2238E+00  1.6351E+03  4.0677E+00  1.6392E+03  0.000E+00  6.370E-01
2.080733E+00  2.59787E+01  3.7984E+00  1.3755E+03  4.0017E+00  1.3795E+03  0.000E+00  5.959E-01
2.224304E+00  2.59575E+01  3.4173E+00  1.1576E+03  3.9259E+00  1.1615E+03  0.000E+00  5.574E-01
2.377781E+00  2.59217E+01  3.0760E+00  9.7476E+02  3.8409E+00  9.7860E+02  0.000E+00  5.214E-01
2.541848E+00  2.58778E+01  2.7704E+00  8.2125E+02  3.7476E+00  8.2500E+02  0.000E+00  4.878E-01
2.717235E+00  2.58293E+01  2.4969E+00  6.9239E+02  3.6468E+00  6.9604E+02  0.000E+00  4.563E-01
2.904724E+00  2.57812E+01  2.2482E+00  5.8320E+02  3.5395E+00  5.8674E+02  0.000E+00  4.268E-01
3.105150E+00  2.57281E+01  2.0033E+00  4.8611E+02  3.4266E+00  4.8954E+02  0.000E+00  3.993E-01
3.319406E+00  2.56539E+01  1.7751E+00  4.0295E+02  3.3088E+00  4.0626E+02  0.000E+00  3.735E-01
3.548445E+00  2.55677E+01  1.5695E+00  3.3327E+02  3.1872E+00  3.3646E+02  0.000E+00  3.494E-01
3.793288E+00  2.54704E+01  1.3870E+00  2.7551E+02  3.0626E+00  2.7857E+02  0.000E+00  3.269E-01
4.055024E+00  2.53646E+01  1.2269E+00  2.2798E+02  2.9359E+00  2.3092E+02  0.000E+00  3.058E-01
4.334821E+00  2.52504E+01  1.0864E+00  1.8883E+02  2.8079E+00  1.9164E+02  0.000E+00  2.860E-01
4.633924E+00  2.51258E+01  9.6283E-01  1.5656E+02  2.6794E+00  1.5924E+02  0.000E+00  2.676E-01
4.953664E+00  2.49864E+01  8.5419E-01  1.2993E+02  2.5511E+00  1.3248E+02  0.000E+00  2.503E-01
5.295467E+00  2.48241E+01  7.5854E-01  1.0793E+02  2.4237E+00  1.1035E+02  0.000E+00  2.341E-01
5.660855E+00  2.46232E+01  6.7426E-01  8.9748E+01  2.2979E+00  9.2046E+01  0.000E+00  2.190E-01
6.051453E+00  2.43495E+01  5.9992E-01  7.4699E+01  2.1743E+00  7.6873E+01  0.000E+00  2.049E-01
6.469004E+00  2.39082E+01  5.3430E-01  6.2234E+01  2.0532E+00  6.4287E+01  0.000E+00  1.917E-01
6.915365E+00  2.27890E+01  4.7631E-01  5.1899E+01  1.9353E+00  5.3834E+01  0.000E+00  1.793E-01
6.969760E+00  2.24649E+01  4.6996E-01  5.0807E+01  1.9217E+00  5.2729E+01  0.000E+00  1.779E-01
7.076440E+00  2.10168E+01  4.5790E-01  4.8757E+01  1.8954E+00  5.0652E+01  0.000E+00  1.752E-01
7.104888E+00  1.92682E+01  4.5477E-01  4.8230E+01  1.8885E+00  5.0118E+01  0.000E+00  1.745E-01
7.147560E+00  2.10548E+01  3.8992E+00  4.1105E+02  1.8782E+00  4.1293E+02  3.636E+02  1.735E-01
7.254240E+00  2.26714E+01  3.7877E+00  3.9342E+02  1.8529E+00  3.9527E+02  3.478E+02  1.709E-01
7.392525E+00  2.34808E+01  3.6502E+00  3.7205E+02  1.8209E+00  3.7387E+02  3.287E+02  1.677E-01
7.902609E+00  2.46830E+01  3.2650E+00  3.1131E+02  1.7103E+00  3.1302E+02  2.751E+02  1.569E-01
8.447890E+00  2.52655E+01  2.9475E+00  2.6289E+02  1.6038E+00  2.6449E+02  2.326E+02  1.468E-01
9.030794E+00  2.56451E+01  2.6546E+00  2.2149E+02  1.5016E+00  2.2299E+02  1.962E+02  1.373E-01
9.653919E+00  2.58973E+01  2.3704E+00  1.8501E+02  1.4040E+00  1.8641E+02  1.642E+02  1.284E-01
1.032004E+01  2.60660E+01  2.1145E+00  1.5439E+02  1.3109E+00  1.5570E+02  1.373E+02  1.201E-01
1.103212E+01  2.61815E+01  1.8865E+00  1.2885E+02  1.2226E+00  1.3007E+02  1.147E+02  1.124E-01