# Energy (keV)  Mass Absorption Coefficient (cm^2/g) 
# https://physics.nist.gov/PhysRefData/FFast/html/form.html
1.067676E+00  1.00058E+00  1.4211E-04  5.5566E+00  5.7360E-01  6.1302E+00  5.557E+00  1.161E+00
1.141345E+00  1.00052E+00  1.2142E-04  4.4410E+00  5.4880E-01  4.9898E+00  4.441E+00  1.086E+00
1.220098E+00  1.00046E+00  1.0370E-04  3.5480E+00  5.2557E-01  4.0736E+00  3.548E+00  1.016E+00
1.304285E+00  1.00040E+00  8.8528E-05  2.8335E+00  5.0394E-01  3.3374E+00  2.834E+00  9.506E-01
1.394281E+00  1.00036E+00  7.5550E-05  2.2620E+00  4.8391E-01  2.7459E+00  2.262E+00  8.892E-01
1.490486E+00  1.00031E+00  6.4451E-05  1.8052E+00  4.6548E-01  2.2707E+00  1.805E+00  8.318E-01
1.593329E+00  1.00028E+00  5.4965E-05  1.4401E+00  4.4866E-01  1.8888E+00  1.440E+00  7.781E-01
1.703269E+00  1.00024E+00  4.6859E-05  1.1485E+00  4.3341E-01  1.5819E+00  1.148E+00  7.279E-01
1.820795E+00  1.00022E+00  3.9935E-05  9.1562E-01  4.1970E-01  1.3353E+00  9.156E-01  6.809E-01
1.946430E+00  1.00019E+00  3.4025E-05  7.2975E-01  4.0750E-01  1.1373E+00  7.297E-01  6.370E-01
2.080733E+00  1.00017E+00  2.8980E-05  5.8144E-01  3.9676E-01  9.7820E-01  5.814E-01  5.959E-01
2.224304E+00  1.00015E+00  2.4677E-05  4.6314E-01  3.8743E-01  8.5057E-01  4.631E-01  5.574E-01
2.377781E+00  1.00013E+00  2.1007E-05  3.6881E-01  3.7944E-01  7.4825E-01  3.688E-01  5.214E-01
2.541848E+00  1.00011E+00  1.7878E-05  2.9362E-01  3.7272E-01  6.6634E-01  2.936E-01  4.878E-01
2.717235E+00  1.00010E+00  1.5211E-05  2.3370E-01  3.6721E-01  6.0091E-01  2.337E-01  4.563E-01
2.904724E+00  1.00009E+00  1.2940E-05  1.8597E-01  3.6283E-01  5.4880E-01  1.860E-01  4.268E-01
3.105150E+00  1.00008E+00  1.1005E-05  1.4795E-01  3.5950E-01  5.0745E-01  1.479E-01  3.993E-01
3.319406E+00  1.00007E+00  9.3572E-06  1.1768E-01  3.5714E-01  4.7482E-01  1.177E-01  3.735E-01
3.548445E+00  1.00006E+00  7.9549E-06  9.3586E-02  3.5567E-01  4.4926E-01  9.359E-02  3.494E-01
3.793288E+00  1.00005E+00  6.7615E-06  7.4412E-02  3.5500E-01  4.2941E-01  7.441E-02  3.269E-01
4.055024E+00  1.00005E+00  5.7461E-06  5.9156E-02  3.5506E-01  4.1422E-01  5.916E-02  3.058E-01
4.334821E+00  1.00004E+00  4.8825E-06  4.7021E-02  3.5575E-01  4.0277E-01  4.702E-02  2.860E-01
4.633924E+00  1.00004E+00  4.1481E-06  3.7370E-02  3.5700E-01  3.9437E-01  3.737E-02  2.676E-01
4.953664E+00  1.00003E+00  3.5237E-06  2.9696E-02  3.5872E-01  3.8842E-01  2.970E-02  2.503E-01
5.295467E+00  1.00003E+00  2.9930E-06  2.3595E-02  3.6084E-01  3.8444E-01  2.359E-02  2.341E-01
5.660855E+00  1.00002E+00  2.5419E-06  1.8745E-02  3.6328E-01  3.8202E-01  1.875E-02  2.190E-01
6.051453E+00  1.00002E+00  2.1586E-06  1.4891E-02  3.6596E-01  3.8085E-01  1.489E-02  2.049E-01
6.469004E+00  1.00002E+00  1.8330E-06  1.1829E-02  3.6882E-01  3.8065E-01  1.183E-02  1.917E-01
6.915365E+00  1.00002E+00  1.5564E-06  9.3954E-03  3.7180E-01  3.8120E-01  9.395E-03  1.793E-01
7.392525E+00  1.00001E+00  1.3214E-06  7.4622E-03  3.7482E-01  3.8228E-01  7.462E-03  1.677E-01
7.902609E+00  1.00001E+00  1.1219E-06  5.9266E-03  3.7783E-01  3.8376E-01  5.927E-03  1.569E-01
8.447890E+00  1.00001E+00  9.5248E-07  4.7068E-03  3.8077E-01  3.8548E-01  4.707E-03  1.468E-01
9.030794E+00  1.00001E+00  8.0863E-07  3.7380E-03  3.8360E-01  3.8734E-01  3.738E-03  1.373E-01
9.653919E+00  1.00001E+00  6.8651E-07  2.9687E-03  3.8627E-01  3.8924E-01  2.969E-03  1.284E-01
1.032004E+01  1.00001E+00  5.8283E-07  2.3577E-03  3.8874E-01  3.9110E-01  2.358E-03  1.201E-01
1.103212E+01  1.00001E+00  4.9482E-07  1.8724E-03  3.9097E-01  3.9284E-01  1.872E-03  1.124E-01