# Energy (keV) vs Mass Absorption Coefficient (cm^2/g)
# https://physics.nist.gov/PhysRefData/FFast/html/form.html
1.067676E+00  3.04576E+00  2.9934E-02  1.6997E+02  3.6721E-01  1.7034E+02  1.675E+02  1.161E+00
1.141345E+00  3.04136E+00  2.5916E-02  1.3766E+02  3.7158E-01  1.3803E+02  1.356E+02  1.086E+00
1.220098E+00  3.03729E+00  2.2438E-02  1.1149E+02  3.7480E-01  1.1186E+02  1.098E+02  1.016E+00
1.304285E+00  3.03355E+00  1.9426E-02  9.0296E+01  3.7687E-01  9.0673E+01  8.895E+01  9.506E-01
1.394281E+00  3.03015E+00  1.6819E-02  7.3130E+01  3.7782E-01  7.3508E+01  7.204E+01  8.892E-01
1.490486E+00  3.02705E+00  1.4561E-02  5.9228E+01  3.7767E-01  5.9606E+01  5.834E+01  8.318E-01
1.593329E+00  3.02425E+00  1.2607E-02  4.7968E+01  3.7646E-01  4.8344E+01  4.725E+01  7.781E-01
1.703269E+00  3.02172E+00  1.0915E-02  3.8850E+01  3.7425E-01  3.9224E+01  3.826E+01  7.279E-01
1.820795E+00  3.01943E+00  9.4497E-03  3.1464E+01  3.7109E-01  3.1835E+01  3.099E+01  6.809E-01
1.946430E+00  3.01738E+00  8.1814E-03  2.5483E+01  3.6706E-01  2.5850E+01  2.509E+01  6.370E-01
2.080733E+00  3.01553E+00  7.0833E-03  2.0638E+01  3.6223E-01  2.1000E+01  2.032E+01  5.959E-01
2.224304E+00  3.01387E+00  6.1326E-03  1.6715E+01  3.5668E-01  1.7072E+01  1.646E+01  5.574E-01
2.377781E+00  3.01238E+00  5.3094E-03  1.3537E+01  3.5050E-01  1.3888E+01  1.333E+01  5.214E-01
2.541848E+00  3.01105E+00  4.5965E-03  1.0963E+01  3.4376E-01  1.1307E+01  1.079E+01  4.878E-01
2.717235E+00  3.00986E+00  3.9792E-03  8.8782E+00  3.3657E-01  9.2148E+00  8.742E+00  4.563E-01
2.904724E+00  3.00881E+00  3.4448E-03  7.1897E+00  3.2900E-01  7.5187E+00  7.080E+00  4.268E-01
3.105150E+00  3.00786E+00  2.9684E-03  5.7955E+00  3.2114E-01  6.1166E+00  5.707E+00  3.993E-01
3.319406E+00  3.00699E+00  2.5468E-03  4.6515E+00  3.1308E-01  4.9646E+00  4.580E+00  3.735E-01
3.548445E+00  3.00621E+00  2.1851E-03  3.7333E+00  3.0489E-01  4.0382E+00  3.676E+00  3.494E-01
3.793288E+00  3.00552E+00  1.8748E-03  2.9963E+00  2.9665E-01  3.2930E+00  2.950E+00  3.269E-01
4.055024E+00  3.00490E+00  1.6085E-03  2.4048E+00  2.8842E-01  2.6932E+00  2.368E+00  3.058E-01
4.334821E+00  3.00435E+00  1.3801E-03  1.9301E+00  2.8028E-01  2.2104E+00  1.900E+00  2.860E-01
4.633924E+00  3.00385E+00  1.1841E-03  1.5491E+00  2.7227E-01  1.8214E+00  1.525E+00  2.676E-01
4.953664E+00  3.00341E+00  1.0159E-03  1.2433E+00  2.6445E-01  1.5078E+00  1.224E+00  2.503E-01
5.295467E+00  3.00302E+00  8.7162E-04  9.9788E-01  2.5685E-01  1.2547E+00  9.825E-01  2.341E-01
5.660855E+00  3.00268E+00  7.4783E-04  8.0090E-01  2.4952E-01  1.0504E+00  7.886E-01  2.190E-01
6.051453E+00  3.00237E+00  6.4162E-04  6.4280E-01  2.4249E-01  8.8529E-01  6.329E-01  2.049E-01
6.469004E+00  3.00210E+00  5.5050E-04  5.1591E-01  2.3578E-01  7.5169E-01  5.080E-01  1.917E-01
6.915365E+00  3.00186E+00  4.7232E-04  4.1407E-01  2.2941E-01  6.4348E-01  4.077E-01  1.793E-01
7.392525E+00  3.00164E+00  4.0524E-04  3.3233E-01  2.2339E-01  5.5572E-01  3.272E-01  1.677E-01
7.902609E+00  3.00145E+00  3.4768E-04  2.6673E-01  2.1772E-01  4.8445E-01  2.626E-01  1.569E-01
8.447890E+00  3.00128E+00  2.9831E-04  2.1408E-01  2.1241E-01  4.2649E-01  2.108E-01  1.468E-01
9.030794E+00  3.00113E+00  2.5574E-04  1.7168E-01  2.0745E-01  3.7913E-01  1.690E-01  1.373E-01
9.653919E+00  3.00100E+00  2.1863E-04  1.3730E-01  2.0284E-01  3.4014E-01  1.352E-01  1.284E-01
1.032004E+01  3.00088E+00  1.8691E-04  1.0980E-01  1.9857E-01  3.0837E-01  1.081E-01  1.201E-01
1.103212E+01  3.00078E+00  1.5979E-04  8.7811E-02  1.9461E-01  2.8242E-01  8.643E-02  1.124E-01
1.179334E+01  3.00069E+00  1.3661E-04  7.0225E-02  1.9097E-01  2.6120E-01  6.912E-02  1.051E-01