# Energy (keV) vs Mass Absorption Coefficient (cm^2/g)
# https://physics.nist.gov/PhysRefData/FFast/html/form.html
1.067676E+00  2.33123E+01  9.3203E+00  6.6865E+03  3.8481E+00  6.6903E+03  0.000E+00  1.161E+00
1.141345E+00  2.38555E+01  8.4254E+00  5.6543E+03  3.8859E+00  5.6582E+03  0.000E+00  1.086E+00
1.220098E+00  2.42393E+01  7.5974E+00  4.7695E+03  3.9119E+00  4.7734E+03  0.000E+00  1.016E+00
1.304285E+00  2.45176E+01  6.8499E+00  4.0227E+03  3.9260E+00  4.0266E+03  0.000E+00  9.506E-01
1.394281E+00  2.47113E+01  6.1613E+00  3.3847E+03  3.9282E+00  3.3886E+03  0.000E+00  8.892E-01
1.490486E+00  2.48369E+01  5.5413E+00  2.8477E+03  3.9186E+00  2.8516E+03  0.000E+00  8.318E-01
1.593329E+00  2.49125E+01  4.9834E+00  2.3957E+03  3.8975E+00  2.3996E+03  0.000E+00  7.781E-01
1.703269E+00  2.49499E+01  4.4808E+00  2.0150E+03  3.8651E+00  2.0189E+03  0.000E+00  7.279E-01
1.820795E+00  2.49583E+01  4.0297E+00  1.6952E+03  3.8220E+00  1.6990E+03  0.000E+00  6.809E-01
1.946430E+00  2.49447E+01  3.6251E+00  1.4266E+03  3.7687E+00  1.4304E+03  0.000E+00  6.370E-01
2.080733E+00  2.49156E+01  3.2624E+00  1.2010E+03  3.7056E+00  1.2047E+03  0.000E+00  5.959E-01
2.224304E+00  2.48752E+01  2.9374E+00  1.0115E+03  3.6336E+00  1.0151E+03  0.000E+00  5.574E-01
2.377781E+00  2.48294E+01  2.6463E+00  8.5245E+02  3.5532E+00  8.5600E+02  0.000E+00  5.214E-01
2.541848E+00  2.47785E+01  2.3855E+00  7.1884E+02  3.4653E+00  7.2231E+02  0.000E+00  4.878E-01
2.717235E+00  2.47246E+01  2.1404E+00  6.0336E+02  3.3707E+00  6.0673E+02  0.000E+00  4.563E-01
2.904724E+00  2.46691E+01  1.9200E+00  5.0629E+02  3.2702E+00  5.0956E+02  0.000E+00  4.268E-01
3.105150E+00  2.46120E+01  1.7102E+00  4.2186E+02  3.1645E+00  4.2502E+02  0.000E+00  3.993E-01
3.319406E+00  2.45255E+01  1.5080E+00  3.4798E+02  3.0547E+00  3.5103E+02  0.000E+00  3.735E-01
3.548445E+00  2.44274E+01  1.3310E+00  2.8731E+02  2.9414E+00  2.9025E+02  0.000E+00  3.494E-01
3.793288E+00  2.43202E+01  1.1760E+00  2.3746E+02  2.8255E+00  2.4029E+02  0.000E+00  3.269E-01
4.055024E+00  2.42039E+01  1.0400E+00  1.9645E+02  2.7078E+00  1.9916E+02  0.000E+00  3.058E-01
4.334821E+00  2.40759E+01  9.2070E-01  1.6269E+02  2.5891E+00  1.6528E+02  0.000E+00  2.860E-01
4.633924E+00  2.39312E+01  8.1589E-01  1.3486E+02  2.4700E+00  1.3733E+02  0.000E+00  2.676E-01
4.953664E+00  2.37601E+01  7.2375E-01  1.1191E+02  2.3512E+00  1.1426E+02  0.000E+00  2.503E-01
5.295467E+00  2.35437E+01  6.4266E-01  9.2957E+01  2.2334E+00  9.5190E+01  0.000E+00  2.341E-01
5.660855E+00  2.32388E+01  5.7123E-01  7.7292E+01  2.1172E+00  7.9409E+01  0.000E+00  2.190E-01
6.051453E+00  2.27115E+01  5.0825E-01  6.4331E+01  2.0030E+00  6.6334E+01  0.000E+00  2.049E-01
6.408220E+00  2.14354E+01  4.6011E-01  5.4996E+01  1.9070E+00  5.6903E+01  0.000E+00  1.935E-01
6.469004E+00  2.07891E+01  4.5266E-01  5.3597E+01  1.8914E+00  5.5488E+01  0.000E+00  1.917E-01
6.506305E+00  1.99795E+01  4.4818E-01  5.2763E+01  1.8819E+00  5.4645E+01  0.000E+00  1.906E-01
6.532461E+00  1.82218E+01  4.4509E-01  5.2189E+01  1.8753E+00  5.4064E+01  0.000E+00  1.898E-01
6.571695E+00  2.00165E+01  3.9072E+00  4.5540E+02  1.8654E+00  4.5727E+02  4.041E+02  1.887E-01
6.669780E+00  2.16410E+01  3.7970E+00  4.3604E+02  1.8412E+00  4.3788E+02  3.867E+02  1.859E-01
6.915365E+00  2.29017E+01  3.5470E+00  3.9288E+02  1.7827E+00  3.9466E+02  3.482E+02  1.793E-01
7.392525E+00  2.38502E+01  3.1829E+00  3.2979E+02  1.6773E+00  3.3147E+02  2.925E+02  1.677E-01
7.902609E+00  2.43589E+01  2.8708E+00  2.7825E+02  1.5754E+00  2.7983E+02  2.471E+02  1.569E-01
8.447890E+00  2.46957E+01  2.5884E+00  2.3469E+02  1.4775E+00  2.3617E+02  2.086E+02  1.468E-01
9.030794E+00  2.49352E+01  2.3192E+00  1.9670E+02  1.3836E+00  1.9808E+02  1.750E+02  1.373E-01
9.653919E+00  2.50944E+01  2.0682E+00  1.6409E+02  1.2938E+00  1.6538E+02  1.462E+02  1.284E-01
1.032004E+01  2.52022E+01  1.8446E+00  1.3690E+02  1.2084E+00  1.3811E+02  1.221E+02  1.201E-01
1.103212E+01  2.52757E+01  1.6453E+00  1.1423E+02  1.1273E+00  1.1536E+02  1.021E+02  1.124E-01
1.179334E+01  2.53252E+01  1.4677E+00  9.5325E+01  1.0506E+00  9.6376E+01  8.528E+01  1.051E-01