# Energy (keV)  Mass Absorption Coefficient (cm^2/g) 
# https://physics.nist.gov/PhysRefData/FFast/html/form.html
1.067676E+00  7.36340E+00  9.4164E-01  2.6496E+03  1.3850E+00  2.6510E+03  2.529E+03  1.161E+00
1.141345E+00  7.36196E+00  8.3758E-01  2.2047E+03  1.3620E+00  2.2061E+03  2.105E+03  1.086E+00
1.220098E+00  7.35540E+00  7.4413E-01  1.8323E+03  1.3362E+00  1.8336E+03  1.750E+03  1.016E+00
1.304285E+00  7.34489E+00  6.6043E-01  1.5212E+03  1.3079E+00  1.5225E+03  1.453E+03  9.506E-01
1.394281E+00  7.33166E+00  5.8564E-01  1.2619E+03  1.2773E+00  1.2632E+03  1.205E+03  8.892E-01
1.490486E+00  7.31668E+00  5.1897E-01  1.0461E+03  1.2448E+00  1.0473E+03  9.992E+02  8.318E-01
1.593329E+00  7.30081E+00  4.5964E-01  8.6668E+02  1.2105E+00  8.6789E+02  8.279E+02  7.781E-01
1.703269E+00  7.28407E+00  4.0501E-01  7.1438E+02  1.1748E+00  7.1555E+02  6.822E+02  7.279E-01
1.820795E+00  7.26624E+00  3.5664E-01  5.8846E+02  1.1378E+00  5.8960E+02  5.618E+02  6.809E-01
1.946430E+00  7.24821E+00  3.1405E-01  4.8473E+02  1.0999E+00  4.8583E+02  4.626E+02  6.370E-01
2.080733E+00  7.23046E+00  2.7654E-01  3.9929E+02  1.0613E+00  4.0035E+02  3.810E+02  5.959E-01
2.224304E+00  7.21328E+00  2.4352E-01  3.2892E+02  1.0223E+00  3.2994E+02  3.137E+02  5.574E-01
2.377781E+00  7.19688E+00  2.1445E-01  2.7095E+02  9.8301E-01  2.7193E+02  2.583E+02  5.214E-01
2.541848E+00  7.18139E+00  1.8884E-01  2.2320E+02  9.4375E-01  2.2414E+02  2.127E+02  4.878E-01
2.717235E+00  7.16696E+00  1.6630E-01  1.8387E+02  9.0472E-01  1.8477E+02  1.752E+02  4.563E-01
2.904724E+00  7.15398E+00  1.4645E-01  1.5147E+02  8.6609E-01  1.5234E+02  1.443E+02  4.268E-01
3.105150E+00  7.14238E+00  1.2829E-01  1.2413E+02  8.2806E-01  1.2496E+02  1.182E+02  3.993E-01
3.319406E+00  7.13003E+00  1.1184E-01  1.0123E+02  7.9078E-01  1.0202E+02  9.638E+01  3.735E-01
3.548445E+00  7.11843E+00  9.7505E-02  8.2553E+01  7.5439E-01  8.3307E+01  7.860E+01  3.494E-01
3.793288E+00  7.10763E+00  8.5005E-02  6.7324E+01  7.1903E-01  6.8043E+01  6.410E+01  3.269E-01
4.055024E+00  7.09763E+00  7.4107E-02  5.4905E+01  6.8479E-01  5.5590E+01  5.227E+01  3.058E-01
4.334821E+00  7.08842E+00  6.4606E-02  4.4776E+01  6.5178E-01  4.5428E+01  4.263E+01  2.860E-01
4.633924E+00  7.07996E+00  5.6324E-02  3.6516E+01  6.2007E-01  3.7136E+01  3.476E+01  2.676E-01
4.953664E+00  7.07222E+00  4.9103E-02  2.9780E+01  5.8971E-01  3.0370E+01  2.835E+01  2.503E-01
5.295467E+00  7.06516E+00  4.2809E-02  2.4287E+01  5.6074E-01  2.4848E+01  2.312E+01  2.341E-01
5.660855E+00  7.05874E+00  3.7321E-02  1.9807E+01  5.3321E-01  2.0340E+01  1.885E+01  2.190E-01
6.051453E+00  7.05290E+00  3.2537E-02  1.6153E+01  5.0710E-01  1.6660E+01  1.537E+01  2.049E-01
6.469004E+00  7.04762E+00  2.8366E-02  1.3174E+01  4.8244E-01  1.3656E+01  1.254E+01  1.917E-01
6.915365E+00  7.04284E+00  2.4730E-02  1.0744E+01  4.5921E-01  1.1203E+01  1.022E+01  1.793E-01
7.392525E+00  7.03853E+00  2.1560E-02  8.7620E+00  4.3739E-01  9.1994E+00  8.338E+00  1.677E-01
7.902609E+00  7.03465E+00  1.8724E-02  7.1183E+00  4.1695E-01  7.5352E+00  6.772E+00  1.569E-01
8.447890E+00  7.03113E+00  1.6235E-02  5.7735E+00  3.9785E-01  6.1714E+00  5.490E+00  1.468E-01
9.030794E+00  7.02795E+00  1.4060E-02  4.6775E+00  3.8004E-01  5.0575E+00  4.447E+00  1.373E-01
9.653919E+00  7.02503E+00  1.2128E-02  3.7741E+00  3.6348E-01  4.1376E+00  3.587E+00  1.284E-01
1.032004E+01  7.02238E+00  1.0461E-02  3.0452E+00  3.4811E-01  3.3933E+00  2.894E+00  1.201E-01
1.103212E+01  7.02000E+00  9.0226E-03  2.4571E+00  3.3387E-01  2.7910E+00  2.334E+00  1.124E-01
1.179334E+01  7.01785E+00  7.7825E-03  1.9825E+00  3.2069E-01  2.3032E+00  1.883E+00  1.051E-01