# Energy (keV) vs Mass Absorption Coefficient (cm^2/g)
# https://physics.nist.gov/PhysRefData/FFast/html/form.html
1.050658E+00  6.52412E+00  2.9882E-01  5.2058E+02  1.8832E+00  5.2246E+02  0.000E+00  1.180E+00
1.067676E+00  4.91181E+00  2.9049E-01  4.9801E+02  1.8863E+00  4.9990E+02  0.000E+00  1.161E+00
1.071028E+00  3.52095E+00  2.8890E-01  4.9373E+02  1.8869E+00  4.9562E+02  0.000E+00  1.158E+00
1.077461E+00  4.89062E+00  3.3468E+00  5.6855E+03  1.8879E+00  5.6874E+03  5.200E+03  1.151E+00
1.093542E+00  6.12496E+00  3.6044E+00  6.0331E+03  1.8902E+00  6.0350E+03  5.567E+03  1.134E+00
1.141345E+00  7.70749E+00  4.2220E+00  6.7709E+03  1.8953E+00  6.7728E+03  6.356E+03  1.086E+00
1.220098E+00  9.32686E+00  4.0897E+00  6.1354E+03  1.8984E+00  6.1373E+03  5.791E+03  1.016E+00
1.304285E+00  1.02655E+01  3.5285E+00  4.9517E+03  1.8955E+00  4.9536E+03  4.667E+03  9.506E-01
1.394281E+00  1.06769E+01  2.9168E+00  3.8291E+03  1.8869E+00  3.8310E+03  3.593E+03  8.892E-01
1.490486E+00  1.08500E+01  2.5451E+00  3.1255E+03  1.8727E+00  3.1274E+03  2.930E+03  8.318E-01
1.593329E+00  1.09680E+01  2.2568E+00  2.5926E+03  1.8532E+00  2.5945E+03  2.430E+03  7.781E-01
1.703269E+00  1.10540E+01  2.0296E+00  2.1810E+03  1.8285E+00  2.1828E+03  2.046E+03  7.279E-01
1.820795E+00  1.11263E+01  1.8413E+00  1.8510E+03  1.7989E+00  1.8528E+03  1.739E+03  6.809E-01
1.946430E+00  1.11914E+01  1.6757E+00  1.5758E+03  1.7650E+00  1.5776E+03  1.483E+03  6.370E-01
2.080733E+00  1.12505E+01  1.5228E+00  1.3396E+03  1.7269E+00  1.3413E+03  1.262E+03  5.959E-01
2.224304E+00  1.13511E+01  1.3668E+00  1.1248E+03  1.6851E+00  1.1265E+03  1.060E+03  5.574E-01
2.377781E+00  1.13777E+01  1.2171E+00  9.3691E+02  1.6400E+00  9.3855E+02  8.833E+02  5.214E-01
2.541848E+00  1.13894E+01  1.0838E+00  7.8044E+02  1.5920E+00  7.8203E+02  7.357E+02  4.878E-01
2.717235E+00  1.13918E+01  9.6513E-01  6.5013E+02  1.5416E+00  6.5167E+02  6.128E+02  4.563E-01
2.904724E+00  1.13880E+01  8.5948E-01  5.4160E+02  1.4891E+00  5.4309E+02  5.105E+02  4.268E-01
3.105150E+00  1.13852E+01  7.6236E-01  4.4939E+02  1.4351E+00  4.5083E+02  4.236E+02  3.993E-01
3.319406E+00  1.13721E+01  6.7370E-01  3.7149E+02  1.3799E+00  3.7287E+02  3.504E+02  3.735E-01
3.548445E+00  1.13556E+01  5.9538E-01  3.0711E+02  1.3238E+00  3.0843E+02  2.898E+02  3.494E-01
3.793288E+00  1.13373E+01  5.2617E-01  2.5390E+02  1.2674E+00  2.5517E+02  2.397E+02  3.269E-01
4.055024E+00  1.13182E+01  4.6503E-01  2.0991E+02  1.2110E+00  2.1112E+02  1.983E+02  3.058E-01
4.334821E+00  1.12991E+01  4.1100E-01  1.7355E+02  1.1548E+00  1.7470E+02  1.640E+02  2.860E-01
4.633924E+00  1.12804E+01  3.6326E-01  1.4349E+02  1.0993E+00  1.4459E+02  1.356E+02  2.676E-01
4.953664E+00  1.12619E+01  3.1883E-01  1.1781E+02  1.0446E+00  1.1885E+02  1.113E+02  2.503E-01
5.295467E+00  1.12430E+01  2.7975E-01  9.6698E+01  9.9105E-01  9.7689E+01  9.138E+01  2.341E-01
5.660855E+00  1.12245E+01  2.4548E-01  7.9372E+01  9.3888E-01  8.0311E+01  7.500E+01  2.190E-01
6.051453E+00  1.12068E+01  2.1540E-01  6.5153E+01  8.8826E-01  6.6041E+01  6.155E+01  2.049E-01
6.469004E+00  1.11899E+01  1.8902E-01  5.3482E+01  8.3936E-01  5.4321E+01  5.052E+01  1.917E-01
6.915365E+00  1.11740E+01  1.6587E-01  4.3902E+01  7.9232E-01  4.4694E+01  4.146E+01  1.793E-01
7.392525E+00  1.11591E+01  1.4555E-01  3.6039E+01  7.4724E-01  3.6786E+01  3.403E+01  1.677E-01
7.902609E+00  1.11453E+01  1.2773E-01  2.9585E+01  7.0420E-01  3.0289E+01  2.793E+01  1.569E-01
8.447890E+00  1.11325E+01  1.1209E-01  2.4287E+01  6.6327E-01  2.4950E+01  2.292E+01  1.468E-01
9.030794E+00  1.11217E+01  9.8173E-02  1.9898E+01  6.2448E-01  2.0522E+01  1.877E+01  1.373E-01
9.653919E+00  1.11112E+01  8.5365E-02  1.6185E+01  5.8783E-01  1.6773E+01  1.527E+01  1.284E-01
1.032004E+01  1.11009E+01  7.4228E-02  1.3165E+01  5.5333E-01  1.3718E+01  1.242E+01  1.201E-01
1.103212E+01  1.10913E+01  6.4546E-02  1.0709E+01  5.2095E-01  1.1230E+01  1.011E+01  1.124E-01
1.179334E+01  1.10825E+01  5.6127E-02  8.7112E+00  4.9065E-01  9.2018E+00  8.220E+00  1.051E-01