# Energy (keV) vs Mass Absorption Coefficient (cm^2/g)
# https://physics.nist.gov/PhysRefData/FFast/html/form.html
1.003060E+00  1.82231E+01  1.3334E+01  9.5315E+03  4.5482E+00  9.5360E+03  0.000E+00  1.236E+00
1.007092E+00  1.74472E+01  1.3251E+01  9.4340E+03  4.5527E+00  9.4386E+03  0.000E+00  1.231E+00
1.013141E+00  1.85689E+01  1.4933E+01  1.0568E+04  4.5595E+00  1.0573E+04  0.000E+00  1.224E+00
1.028262E+00  1.98654E+01  1.4615E+01  1.0191E+04  4.5757E+00  1.0196E+04  0.000E+00  1.206E+00
1.067676E+00  2.15374E+01  1.3841E+01  9.2950E+03  4.6138E+00  9.2996E+03  0.000E+00  1.161E+00
1.141345E+00  2.33736E+01  1.2599E+01  7.9145E+03  4.6703E+00  7.9192E+03  0.000E+00  1.086E+00
1.220098E+00  2.46251E+01  1.1485E+01  6.7491E+03  4.7126E+00  6.7538E+03  0.000E+00  1.016E+00
1.304285E+00  2.55591E+01  1.0475E+01  5.7585E+03  4.7404E+00  5.7632E+03  0.000E+00  9.506E-01
1.394281E+00  2.62818E+01  9.5264E+00  4.8988E+03  4.7536E+00  4.9036E+03  0.000E+00  8.892E-01
1.490486E+00  2.68506E+01  8.6323E+00  4.1525E+03  4.7522E+00  4.1573E+03  0.000E+00  8.318E-01
1.593329E+00  2.72544E+01  7.7753E+00  3.4989E+03  4.7364E+00  3.5036E+03  0.000E+00  7.781E-01
1.703269E+00  2.75358E+01  7.0012E+00  2.9472E+03  4.7066E+00  2.9519E+03  0.000E+00  7.279E-01
1.820795E+00  2.77300E+01  6.3039E+00  2.4824E+03  4.6632E+00  2.4871E+03  0.000E+00  6.809E-01
1.946430E+00  2.78603E+01  5.6777E+00  2.0914E+03  4.6068E+00  2.0960E+03  0.000E+00  6.370E-01
2.080733E+00  2.79855E+01  5.1095E+00  1.7607E+03  4.5380E+00  1.7652E+03  0.000E+00  5.959E-01
2.224304E+00  2.80289E+01  4.5920E+00  1.4802E+03  4.4576E+00  1.4847E+03  0.000E+00  5.574E-01
2.377781E+00  2.80405E+01  4.1285E+00  1.2449E+03  4.3664E+00  1.2493E+03  0.000E+00  5.214E-01
2.541848E+00  2.80299E+01  3.7138E+00  1.0476E+03  4.2654E+00  1.0519E+03  0.000E+00  4.878E-01
2.717235E+00  2.80016E+01  3.3430E+00  8.8212E+02  4.1554E+00  8.8628E+02  0.000E+00  4.563E-01
2.904724E+00  2.79659E+01  3.0114E+00  7.4334E+02  4.0374E+00  7.4738E+02  0.000E+00  4.268E-01
3.105150E+00  2.79386E+01  2.6981E+00  6.2301E+02  3.9126E+00  6.2692E+02  0.000E+00  3.993E-01
3.319406E+00  2.78847E+01  2.4055E+00  5.1958E+02  3.7819E+00  5.2336E+02  0.000E+00  3.735E-01
3.548445E+00  2.78165E+01  2.1392E+00  4.3225E+02  3.6463E+00  4.3590E+02  0.000E+00  3.494E-01
3.793288E+00  2.77340E+01  1.8970E+00  3.5857E+02  3.5068E+00  3.6208E+02  0.000E+00  3.269E-01
4.055024E+00  2.76425E+01  1.6844E+00  2.9783E+02  3.3645E+00  3.0119E+02  0.000E+00  3.058E-01
4.334821E+00  2.75458E+01  1.4976E+00  2.4771E+02  3.2203E+00  2.5093E+02  0.000E+00  2.860E-01
4.633924E+00  2.74435E+01  1.3269E+00  2.0531E+02  3.0752E+00  2.0839E+02  0.000E+00  2.676E-01
4.953664E+00  2.73322E+01  1.1761E+00  1.7023E+02  2.9299E+00  1.7316E+02  0.000E+00  2.503E-01
5.295467E+00  2.72114E+01  1.0433E+00  1.4127E+02  2.7853E+00  1.4406E+02  0.000E+00  2.341E-01
5.660855E+00  2.70779E+01  9.2645E-01  1.1734E+02  2.6421E+00  1.1998E+02  0.000E+00  2.190E-01
6.051453E+00  2.69254E+01  8.2342E-01  9.7561E+01  2.5011E+00  1.0006E+02  0.000E+00  2.049E-01
6.469004E+00  2.67418E+01  7.3254E-01  8.1191E+01  2.3628E+00  8.3554E+01  0.000E+00  1.917E-01
6.915365E+00  2.65023E+01  6.5229E-01  6.7631E+01  2.2278E+00  6.9859E+01  0.000E+00  1.793E-01
7.392525E+00  2.61454E+01  5.8138E-01  5.6388E+01  2.0966E+00  5.8485E+01  0.000E+00  1.677E-01
7.902609E+00  2.54382E+01  5.1866E-01  4.7057E+01  1.9696E+00  4.9027E+01  0.000E+00  1.569E-01
8.166144E+00  2.45187E+01  4.9051E-01  4.3068E+01  1.9088E+00  4.4977E+01  0.000E+00  1.518E-01
8.291136E+00  2.30862E+01  4.7804E-01  4.1340E+01  1.8810E+00  4.3221E+01  0.000E+00  1.495E-01
8.324467E+00  2.13577E+01  4.7480E-01  4.0895E+01  1.8737E+00  4.2769E+01  0.000E+00  1.489E-01
8.374464E+00  2.31229E+01  3.8783E+00  3.3205E+02  1.8628E+00  3.3391E+02  2.918E+02  1.481E-01
8.447890E+00  2.42866E+01  3.8127E+00  3.2360E+02  1.8471E+00  3.2545E+02  2.843E+02  1.468E-01
8.499456E+00  2.47181E+01  3.7677E+00  3.1783E+02  1.8361E+00  3.1967E+02  2.792E+02  1.459E-01
9.030794E+00  2.63786E+01  3.4017E+00  2.7007E+02  1.7294E+00  2.7180E+02  2.373E+02  1.373E-01
9.653919E+00  2.71216E+01  3.0709E+00  2.2808E+02  1.6167E+00  2.2970E+02  2.012E+02  1.284E-01
1.032004E+01  2.75654E+01  2.7492E+00  1.9101E+02  1.5092E+00  1.9252E+02  1.689E+02  1.201E-01
1.103212E+01  2.78453E+01  2.4485E+00  1.5913E+02  1.4070E+00  1.6054E+02  1.409E+02  1.124E-01
1.179334E+01  2.80311E+01  2.1838E+00  1.3276E+02  1.3101E+00  1.3407E+02  1.178E+02  1.051E-01