# Energy (keV) vs Mass Absorption Coefficient (cm^2/g)
# https://physics.nist.gov/PhysRefData/FFast/html/form.html
1.067676E+00  8.30267E+00  1.5016E+00  3.6990E+03  1.6264E+00  3.7006E+03  3.520E+03  1.161E+00
1.141345E+00  8.33861E+00  1.3385E+00  3.0845E+03  1.6051E+00  3.0861E+03  2.936E+03  1.086E+00
1.220098E+00  8.35935E+00  1.1926E+00  2.5708E+03  1.5801E+00  2.5724E+03  2.447E+03  1.016E+00
1.304285E+00  8.36902E+00  1.0621E+00  2.1417E+03  1.5516E+00  2.1433E+03  2.039E+03  9.506E-01
1.394281E+00  8.37050E+00  9.4552E-01  1.7836E+03  1.5199E+00  1.7851E+03  1.699E+03  8.892E-01
1.490486E+00  8.36596E+00  8.4147E-01  1.4849E+03  1.4852E+00  1.4864E+03  1.414E+03  8.318E-01
1.593329E+00  8.35705E+00  7.4865E-01  1.2358E+03  1.4479E+00  1.2372E+03  1.177E+03  7.781E-01
1.703269E+00  8.34592E+00  6.6590E-01  1.0283E+03  1.4083E+00  1.0297E+03  9.796E+02  7.279E-01
1.820795E+00  8.33198E+00  5.9217E-01  8.5538E+02  1.3667E+00  8.5675E+02  8.150E+02  6.809E-01
1.946430E+00  8.31689E+00  5.2651E-01  7.1145E+02  1.3235E+00  7.1277E+02  6.779E+02  6.370E-01
2.080733E+00  8.30145E+00  4.6808E-01  5.9167E+02  1.2790E+00  5.9295E+02  5.637E+02  5.959E-01
2.224304E+00  8.28581E+00  4.1395E-01  4.8948E+02  1.2334E+00  4.9071E+02  4.662E+02  5.574E-01
2.377781E+00  8.26885E+00  3.6513E-01  4.0388E+02  1.1872E+00  4.0507E+02  3.845E+02  5.214E-01
2.541848E+00  8.25152E+00  3.2207E-01  3.3325E+02  1.1406E+00  3.3439E+02  3.172E+02  4.878E-01
2.717235E+00  8.23442E+00  2.8409E-01  2.7498E+02  1.0938E+00  2.7607E+02  2.616E+02  4.563E-01
2.904724E+00  8.21791E+00  2.5059E-01  2.2690E+02  1.0472E+00  2.2795E+02  2.157E+02  4.268E-01
3.105150E+00  8.20256E+00  2.1994E-01  1.8630E+02  1.0011E+00  1.8730E+02  1.771E+02  3.993E-01
3.319406E+00  8.18728E+00  1.9213E-01  1.5224E+02  9.5552E-01  1.5320E+02  1.447E+02  3.735E-01
3.548445E+00  8.17222E+00  1.6784E-01  1.2440E+02  9.1083E-01  1.2531E+02  1.182E+02  3.494E-01
3.793288E+00  8.15779E+00  1.4662E-01  1.0166E+02  8.6716E-01  1.0253E+02  9.662E+01  3.269E-01
4.055024E+00  8.14414E+00  1.2808E-01  8.3077E+01  8.2468E-01  8.3902E+01  7.896E+01  3.058E-01
4.334821E+00  8.13136E+00  1.1189E-01  6.7890E+01  7.8354E-01  6.8674E+01  6.452E+01  2.860E-01
4.633924E+00  8.11947E+00  9.7749E-02  5.5480E+01  7.4386E-01  5.6224E+01  5.272E+01  2.676E-01
4.953664E+00  8.10847E+00  8.5394E-02  4.5339E+01  7.0572E-01  4.6045E+01  4.308E+01  2.503E-01
5.295467E+00  8.09834E+00  7.4601E-02  3.7052E+01  6.6922E-01  3.7721E+01  3.520E+01  2.341E-01
5.660855E+00  8.08903E+00  6.5172E-02  3.0280E+01  6.3440E-01  3.0914E+01  2.877E+01  2.190E-01
6.051453E+00  8.08051E+00  5.6936E-02  2.4746E+01  6.0130E-01  2.5347E+01  2.351E+01  2.049E-01
6.469004E+00  8.07273E+00  4.9740E-02  2.0223E+01  5.6995E-01  2.0793E+01  1.921E+01  1.917E-01
6.915365E+00  8.06564E+00  4.3455E-02  1.6527E+01  5.4035E-01  1.7067E+01  1.570E+01  1.793E-01
7.392525E+00  8.05920E+00  3.7964E-02  1.3507E+01  5.1248E-01  1.4019E+01  1.283E+01  1.677E-01
7.902609E+00  8.05336E+00  3.3166E-02  1.1038E+01  4.8633E-01  1.1524E+01  1.048E+01  1.569E-01
8.447890E+00  8.04808E+00  2.8976E-02  9.0211E+00  4.6186E-01  9.4830E+00  8.564E+00  1.468E-01
9.030794E+00  8.04333E+00  2.5277E-02  7.3617E+00  4.3901E-01  7.8007E+00  6.988E+00  1.373E-01
9.653919E+00  8.03905E+00  2.1935E-02  5.9760E+00  4.1774E-01  6.3937E+00  5.672E+00  1.284E-01
1.032004E+01  8.03513E+00  1.8995E-02  4.8409E+00  3.9798E-01  5.2389E+00  4.594E+00  1.201E-01
1.103212E+01  8.03154E+00  1.6411E-02  3.9125E+00  3.7966E-01  4.2922E+00  3.712E+00  1.124E-01