# Energy (keV) vs Mass Absorption Coefficient (cm^2/g)
# https://physics.nist.gov/PhysRefData/FFast/html/form.html
1.067676E+00  1.40846E+01  1.1806E+00  1.5023E+03  2.3635E+00  1.5047E+03  0.000E+00  1.161E+00
1.141345E+00  1.40043E+01  1.0473E+00  1.2467E+03  2.3803E+00  1.2491E+03  0.000E+00  1.086E+00
1.220098E+00  1.39140E+01  9.3000E-01  1.0356E+03  2.3897E+00  1.0380E+03  0.000E+00  1.016E+00
1.304285E+00  1.38136E+01  8.2665E-01  8.6106E+02  2.3919E+00  8.6345E+02  0.000E+00  9.506E-01
1.394281E+00  1.37007E+01  7.3553E-01  7.1669E+02  2.3870E+00  7.1908E+02  0.000E+00  8.892E-01
1.490486E+00  1.35703E+01  6.5511E-01  5.9714E+02  2.3750E+00  5.9952E+02  0.000E+00  8.318E-01
1.593329E+00  1.34131E+01  5.8408E-01  4.9803E+02  2.3562E+00  5.0039E+02  0.000E+00  7.781E-01
1.703269E+00  1.32121E+01  5.2128E-01  4.1579E+02  2.3308E+00  4.1812E+02  0.000E+00  7.279E-01
1.820795E+00  1.29304E+01  4.6570E-01  3.4748E+02  2.2991E+00  3.4978E+02  0.000E+00  6.809E-01
1.946430E+00  1.24678E+01  4.1646E-01  2.9068E+02  2.2617E+00  2.9294E+02  0.000E+00  6.370E-01
2.080733E+00  1.13134E+01  3.7279E-01  2.4341E+02  2.2187E+00  2.4563E+02  0.000E+00  5.959E-01
2.102590E+00  1.08633E+01  3.6641E-01  2.3676E+02  2.2115E+00  2.3897E+02  0.000E+00  5.897E-01
2.134772E+00  9.28431E+00  3.5735E-01  2.2742E+02  2.2008E+00  2.2962E+02  0.000E+00  5.808E-01
2.143354E+00  7.39192E+00  3.5500E-01  2.2502E+02  2.1980E+00  2.2722E+02  0.000E+00  5.785E-01
2.156227E+00  9.29308E+00  4.0785E+00  2.5698E+03  2.1937E+00  2.5720E+03  2.348E+03  5.750E-01
2.188410E+00  1.10202E+01  4.0118E+00  2.4906E+03  2.1829E+00  2.4928E+03  2.278E+03  5.665E-01
2.224304E+00  1.18112E+01  3.9399E+00  2.4065E+03  2.1707E+00  2.4087E+03  2.202E+03  5.574E-01
2.377781E+00  1.32998E+01  3.5859E+00  2.0489E+03  2.1182E+00  2.0510E+03  1.878E+03  5.214E-01
2.541848E+00  1.40078E+01  3.2218E+00  1.7220E+03  2.0616E+00  1.7241E+03  1.578E+03  4.878E-01
2.717235E+00  1.44377E+01  2.8870E+00  1.4435E+03  2.0014E+00  1.4455E+03  1.323E+03  4.563E-01
2.904724E+00  1.47250E+01  2.5936E+00  1.2131E+03  1.9383E+00  1.2150E+03  1.112E+03  4.268E-01
3.105150E+00  1.49354E+01  2.3262E+00  1.0178E+03  1.8725E+00  1.0197E+03  9.341E+02  3.993E-01
3.319406E+00  1.50821E+01  2.0806E+00  8.5156E+02  1.8048E+00  8.5336E+02  7.824E+02  3.735E-01
3.548445E+00  1.51854E+01  1.8611E+00  7.1257E+02  1.7355E+00  7.1431E+02  6.553E+02  3.494E-01
3.793288E+00  1.52583E+01  1.6640E+00  5.9597E+02  1.6653E+00  5.9764E+02  5.489E+02  3.269E-01
4.055024E+00  1.53093E+01  1.4879E+00  4.9849E+02  1.5944E+00  5.0008E+02  4.597E+02  3.058E-01
4.334821E+00  1.53912E+01  1.3284E+00  4.1634E+02  1.5234E+00  4.1786E+02  3.844E+02  2.860E-01
4.633924E+00  1.54105E+01  1.1761E+00  3.4481E+02  1.4526E+00  3.4626E+02  3.185E+02  2.676E-01
4.953664E+00  1.54155E+01  1.0413E+00  2.8558E+02  1.3825E+00  2.8696E+02  2.639E+02  2.503E-01
5.295467E+00  1.54114E+01  9.2199E-01  2.3654E+02  1.3134E+00  2.3785E+02  2.186E+02  2.341E-01
5.660855E+00  1.54013E+01  8.1640E-01  1.9593E+02  1.2456E+00  1.9718E+02  1.811E+02  2.190E-01
6.051453E+00  1.53871E+01  7.2293E-01  1.6230E+02  1.1793E+00  1.6348E+02  1.501E+02  2.049E-01
6.469004E+00  1.53703E+01  6.4020E-01  1.3445E+02  1.1149E+00  1.3556E+02  1.243E+02  1.917E-01
6.915365E+00  1.53519E+01  5.6693E-01  1.1138E+02  1.0526E+00  1.1243E+02  1.030E+02  1.793E-01
7.392525E+00  1.53326E+01  5.0207E-01  9.2268E+01  9.9245E-01  9.3260E+01  8.535E+01  1.677E-01
7.902609E+00  1.53133E+01  4.4464E-01  7.6440E+01  9.3467E-01  7.7375E+01  7.071E+01  1.569E-01
8.447890E+00  1.52943E+01  3.9380E-01  6.3330E+01  8.7935E-01  6.4209E+01  5.858E+01  1.468E-01
9.030794E+00  1.52766E+01  3.4826E-01  5.2391E+01  8.2659E-01  5.3218E+01  4.847E+01  1.373E-01
9.653919E+00  1.52590E+01  3.0528E-01  4.2962E+01  7.7642E-01  4.3738E+01  3.977E+01  1.284E-01
1.032004E+01  1.52404E+01  2.6689E-01  3.5135E+01  7.2889E-01  3.5864E+01  3.253E+01  1.201E-01
1.103212E+01  1.52220E+01  2.3334E-01  2.8735E+01  6.8399E-01  2.9419E+01  2.661E+01  1.124E-01
1.179334E+01  1.52041E+01  2.0401E-01  2.3502E+01  6.4171E-01  2.4144E+01  2.176E+01  1.051E-01