# Energy (keV) vs Mass Absorption Coefficient (cm^2/g)
# https://physics.nist.gov/PhysRefData/FFast/html/form.html
1.067676E+00  1.27932E+01  8.7137E-01  1.2228E+03  2.2713E+00  1.2251E+03  0.000E+00  1.161E+00
1.141345E+00  1.26978E+01  7.7420E-01  1.0163E+03  2.2867E+00  1.0186E+03  0.000E+00  1.086E+00
1.220098E+00  1.25861E+01  6.8851E-01  8.4549E+02  2.2951E+00  8.4779E+02  0.000E+00  1.016E+00
1.304285E+00  1.24527E+01  6.1287E-01  7.0403E+02  2.2966E+00  7.0633E+02  0.000E+00  9.506E-01
1.394281E+00  1.22868E+01  5.4605E-01  5.8678E+02  2.2913E+00  5.8907E+02  0.000E+00  8.892E-01
1.490486E+00  1.20669E+01  4.8696E-01  4.8951E+02  2.2792E+00  4.9179E+02  0.000E+00  8.318E-01
1.593329E+00  1.17442E+01  4.3467E-01  4.0874E+02  2.2607E+00  4.1100E+02  0.000E+00  7.781E-01
1.703269E+00  1.11665E+01  3.8835E-01  3.4161E+02  2.2359E+00  3.4385E+02  0.000E+00  7.279E-01
1.802122E+00  9.77316E+00  3.5330E-01  2.9374E+02  2.2104E+00  2.9595E+02  0.000E+00  6.880E-01
1.820795E+00  8.96867E+00  3.4728E-01  2.8577E+02  2.2052E+00  2.8798E+02  0.000E+00  6.809E-01
1.829705E+00  8.18207E+00  3.4446E-01  2.8207E+02  2.2028E+00  2.8427E+02  0.000E+00  6.776E-01
1.837061E+00  6.28036E+00  3.4216E-01  2.7907E+02  2.2007E+00  2.8127E+02  0.000E+00  6.749E-01
1.848094E+00  8.18045E+00  4.0819E+00  3.3093E+03  2.1976E+00  3.3115E+03  3.035E+03  6.709E-01
1.875678E+00  9.90765E+00  4.0304E+00  3.2195E+03  2.1898E+00  3.2217E+03  2.956E+03  6.610E-01
1.946430E+00  1.13530E+01  3.8896E+00  2.9941E+03  2.1690E+00  2.9963E+03  2.756E+03  6.370E-01
2.080733E+00  1.25086E+01  3.5283E+00  2.5407E+03  2.1275E+00  2.5428E+03  2.342E+03  5.959E-01
2.224304E+00  1.31320E+01  3.1614E+00  2.1295E+03  2.0813E+00  2.1316E+03  1.964E+03  5.574E-01
2.377781E+00  1.35165E+01  2.8224E+00  1.7785E+03  2.0309E+00  1.7805E+03  1.640E+03  5.214E-01
2.541848E+00  1.37720E+01  2.5325E+00  1.4928E+03  1.9765E+00  1.4948E+03  1.377E+03  4.878E-01
2.717235E+00  1.39567E+01  2.2762E+00  1.2551E+03  1.9188E+00  1.2570E+03  1.158E+03  4.563E-01
2.904724E+00  1.40941E+01  2.0459E+00  1.0553E+03  1.8583E+00  1.0572E+03  9.741E+02  4.268E-01
3.105150E+00  1.41991E+01  1.8323E+00  8.8413E+02  1.7954E+00  8.8593E+02  8.170E+02  3.993E-01
3.319406E+00  1.42699E+01  1.6363E+00  7.3859E+02  1.7306E+00  7.4032E+02  6.835E+02  3.735E-01
3.548445E+00  1.43185E+01  1.4614E+00  6.1706E+02  1.6643E+00  6.1872E+02  5.717E+02  3.494E-01
3.793288E+00  1.43972E+01  1.2999E+00  5.1345E+02  1.5972E+00  5.1505E+02  4.762E+02  3.269E-01
4.055024E+00  1.44122E+01  1.1509E+00  4.2524E+02  1.5295E+00  4.2677E+02  3.945E+02  3.058E-01
4.334821E+00  1.44148E+01  1.0190E+00  3.5220E+02  1.4617E+00  3.5366E+02  3.269E+02  2.860E-01
4.633924E+00  1.44092E+01  9.0223E-01  2.9172E+02  1.3941E+00  2.9311E+02  2.708E+02  2.676E-01
4.953664E+00  1.43980E+01  7.9890E-01  2.4164E+02  1.3272E+00  2.4297E+02  2.244E+02  2.503E-01
5.295467E+00  1.43830E+01  7.0743E-01  2.0016E+02  1.2613E+00  2.0142E+02  1.859E+02  2.341E-01
5.660855E+00  1.43657E+01  6.2644E-01  1.6580E+02  1.1967E+00  1.6700E+02  1.541E+02  2.190E-01
6.051453E+00  1.43470E+01  5.5475E-01  1.3735E+02  1.1336E+00  1.3848E+02  1.276E+02  2.049E-01
6.469004E+00  1.43275E+01  4.9128E-01  1.1379E+02  1.0722E+00  1.1486E+02  1.058E+02  1.917E-01
6.915365E+00  1.43080E+01  4.3509E-01  9.4267E+01  1.0128E+00  9.5280E+01  8.763E+01  1.793E-01
7.392525E+00  1.42890E+01  3.8534E-01  7.8099E+01  9.5551E-01  7.9055E+01  7.261E+01  1.677E-01
7.902609E+00  1.42709E+01  3.4129E-01  6.4707E+01  9.0049E-01  6.5607E+01  6.016E+01  1.569E-01
8.447890E+00  1.42537E+01  3.0059E-01  5.3312E+01  8.4782E-01  5.4160E+01  4.955E+01  1.468E-01
9.030794E+00  1.42373E+01  2.6409E-01  4.3815E+01  7.9760E-01  4.4613E+01  4.070E+01  1.373E-01
9.653919E+00  1.42193E+01  2.3060E-01  3.5789E+01  7.4986E-01  3.6539E+01  3.325E+01  1.284E-01
1.032004E+01  1.42018E+01  2.0136E-01  2.9233E+01  7.0464E-01  2.9938E+01  2.716E+01  1.201E-01
1.103212E+01  1.41850E+01  1.7583E-01  2.3879E+01  6.6193E-01  2.4541E+01  2.219E+01  1.124E-01
1.179334E+01  1.41691E+01  1.5354E-01  1.9507E+01  6.2172E-01  2.0129E+01  1.813E+01  1.051E-01