# Energy (keV) vs Mass Absorption Coefficient (cm^2/g)
# https://physics.nist.gov/PhysRefData/FFast/html/form.html
1.067676E+00  2.16411E+01  5.7774E+00  4.7557E+03  3.2849E+00  4.7590E+03  0.000E+00  1.161E+00
1.141345E+00  2.17616E+01  5.1954E+00  4.0006E+03  3.3139E+00  4.0039E+03  0.000E+00  1.086E+00
1.220098E+00  2.18304E+01  4.6702E+00  3.3641E+03  3.3329E+00  3.3674E+03  0.000E+00  1.016E+00
1.304285E+00  2.18617E+01  4.1983E+00  2.8289E+03  3.3419E+00  2.8322E+03  0.000E+00  9.506E-01
1.394281E+00  2.18659E+01  3.7746E+00  2.3793E+03  3.3407E+00  2.3826E+03  0.000E+00  8.892E-01
1.490486E+00  2.18498E+01  3.3947E+00  2.0017E+03  3.3297E+00  2.0050E+03  0.000E+00  8.318E-01
1.593329E+00  2.18189E+01  3.0542E+00  1.6847E+03  3.3089E+00  1.6880E+03  0.000E+00  7.781E-01
1.703269E+00  2.17801E+01  2.7492E+00  1.4186E+03  3.2788E+00  1.4219E+03  0.000E+00  7.279E-01
1.820795E+00  2.17335E+01  2.4762E+00  1.1952E+03  3.2397E+00  1.1984E+03  0.000E+00  6.809E-01
1.946430E+00  2.16786E+01  2.2158E+00  1.0005E+03  3.1920E+00  1.0037E+03  0.000E+00  6.370E-01
2.080733E+00  2.16125E+01  1.9839E+00  8.3797E+02  3.1364E+00  8.4111E+02  0.000E+00  5.959E-01
2.224304E+00  2.15408E+01  1.7785E+00  7.0272E+02  3.0733E+00  7.0579E+02  0.000E+00  5.574E-01
2.377781E+00  2.14645E+01  1.5901E+00  5.8772E+02  3.0033E+00  5.9072E+02  0.000E+00  5.214E-01
2.541848E+00  2.13815E+01  1.4215E+00  4.9151E+02  2.9272E+00  4.9444E+02  0.000E+00  4.878E-01
2.717235E+00  2.12933E+01  1.2720E+00  4.1144E+02  2.8457E+00  4.1429E+02  0.000E+00  4.563E-01
2.904724E+00  2.12005E+01  1.1394E+00  3.4473E+02  2.7593E+00  3.4749E+02  0.000E+00  4.268E-01
3.105150E+00  2.11027E+01  1.0116E+00  2.8633E+02  2.6689E+00  2.8900E+02  0.000E+00  3.993E-01
3.319406E+00  2.09847E+01  8.9095E-01  2.3589E+02  2.5750E+00  2.3846E+02  0.000E+00  3.735E-01
3.548445E+00  2.08432E+01  7.8546E-01  1.9454E+02  2.4786E+00  1.9702E+02  0.000E+00  3.494E-01
3.793288E+00  2.06701E+01  6.9316E-01  1.6060E+02  2.3801E+00  1.6298E+02  0.000E+00  3.269E-01
4.055024E+00  2.04452E+01  6.1232E-01  1.3271E+02  2.2803E+00  1.3499E+02  0.000E+00  3.058E-01
4.334821E+00  2.01195E+01  5.4145E-01  1.0978E+02  2.1798E+00  1.1196E+02  0.000E+00  2.860E-01
4.633924E+00  1.95302E+01  4.7926E-01  9.0896E+01  2.0792E+00  9.2975E+01  0.000E+00  2.676E-01
4.867072E+00  1.83295E+01  4.3839E-01  7.9162E+01  2.0055E+00  8.1168E+01  0.000E+00  2.547E-01
4.941568E+00  1.68446E+01  4.2651E-01  7.5855E+01  1.9827E+00  7.7838E+01  0.000E+00  2.509E-01
4.953664E+00  1.61067E+01  4.2463E-01  7.5337E+01  1.9791E+00  7.7316E+01  0.000E+00  2.503E-01
4.961434E+00  1.50532E+01  4.2343E-01  7.5006E+01  1.9767E+00  7.6983E+01  0.000E+00  2.499E-01
4.991232E+00  1.68795E+01  3.9516E+00  6.9581E+02  1.9678E+00  6.9778E+02  6.221E+02  2.484E-01
5.065728E+00  1.85331E+01  3.8444E+00  6.6698E+02  1.9457E+00  6.6893E+02  5.962E+02  2.448E-01
5.295467E+00  1.99941E+01  3.5500E+00  5.8919E+02  1.8799E+00  5.9107E+02  5.267E+02  2.341E-01
5.660855E+00  2.08781E+01  3.1852E+00  4.9451E+02  1.7822E+00  4.9629E+02  4.426E+02  2.190E-01
6.051453E+00  2.13665E+01  2.8699E+00  4.1681E+02  1.6864E+00  4.1850E+02  3.737E+02  2.049E-01
6.469004E+00  2.16932E+01  2.5886E+00  3.5168E+02  1.5928E+00  3.5327E+02  3.158E+02  1.917E-01
6.915365E+00  2.19215E+01  2.3196E+00  2.9479E+02  1.5018E+00  2.9629E+02  2.649E+02  1.793E-01
7.392525E+00  2.20793E+01  2.0760E+00  2.4681E+02  1.4137E+00  2.4822E+02  2.219E+02  1.677E-01
7.902609E+00  2.21897E+01  1.8566E+00  2.0648E+02  1.3288E+00  2.0781E+02  1.857E+02  1.569E-01
8.447890E+00  2.22671E+01  1.6599E+00  1.7269E+02  1.2471E+00  1.7394E+02  1.553E+02  1.468E-01
9.030794E+00  2.23223E+01  1.4823E+00  1.4426E+02  1.1689E+00  1.4543E+02  1.298E+02  1.373E-01
9.653919E+00  2.23587E+01  1.3190E+00  1.2008E+02  1.0942E+00  1.2117E+02  1.082E+02  1.284E-01
1.032004E+01  2.24196E+01  1.1692E+00  9.9571E+01  1.0233E+00  1.0059E+02  8.979E+01  1.201E-01
1.103212E+01  2.24250E+01  1.0330E+00  8.2293E+01  9.5597E-01  8.3249E+01  7.426E+01  1.124E-01
1.179334E+01  2.24203E+01  9.1250E-01  6.8002E+01  8.9237E-01  6.8894E+01  6.142E+01  1.051E-01