# Energy_keV  SpectralFluence_photons_cm-2_keV-1
1.024999999999998579e+00 7.477812464658112731e+03
1.054999999999998606e+00 2.073351618191417583e+04
1.084999999999998632e+00 5.170090472944337671e+04
1.114999999999998659e+00 1.179493136561510473e+05
1.144999999999998685e+00 2.488303343897723244e+05
1.174999999999998490e+00 4.884858108802093775e+05
1.204999999999998517e+00 9.003932051600270206e+05
1.234999999999998543e+00 1.568965111379066017e+06
1.264999999999998570e+00 2.605333333574737422e+06
1.294999999999998597e+00 4.143897392143491190e+06
1.324999999999998623e+00 6.331951107283822261e+06
1.354999999999998650e+00 9.334200176912417635e+06
1.384999999999998455e+00 1.332354260327605531e+07
1.414999999999998703e+00 1.849676961139760911e+07
1.444999999999998508e+00 2.504081560572942346e+07
1.474999999999998535e+00 3.309993210425499082e+07
1.504999999999998561e+00 4.282972648097901791e+07
1.534999999999998588e+00 5.441815146236582845e+07
1.564999999999998614e+00 6.790411024324831367e+07
1.594999999999998419e+00 8.334740147890760005e+07
1.624999999999998668e+00 1.007823388272819817e+08
1.654999999999998472e+00 1.202236034642214924e+08
1.684999999999998499e+00 1.416229647316155732e+08
1.714999999999998526e+00 1.649160114743269384e+08
1.744999999999998552e+00 1.900187911228393018e+08
1.774999999999998579e+00 2.170285020483247936e+08
1.804999999999998606e+00 2.456896483832790852e+08
1.834999999999998632e+00 2.758099272653093338e+08
1.864999999999998437e+00 3.072345309960521460e+08
1.894999999999998685e+00 3.397983918235902190e+08
1.924999999999998490e+00 3.733326974771541357e+08
1.954999999999998517e+00 4.076719246669723392e+08
1.984999999999998543e+00 4.426504588594695330e+08
2.014999999999998792e+00 4.782329227280479074e+08
2.044999999999998597e+00 5.143091536305765510e+08
2.074999999999998401e+00 5.505690048102990389e+08
2.104999999999998650e+00 5.868684293234413862e+08
2.134999999999998455e+00 6.230687177470999956e+08
2.164999999999998259e+00 6.590479187042511702e+08
2.194999999999998508e+00 6.946994369853434563e+08
2.224999999999998757e+00 7.301164702229974270e+08
2.254999999999998561e+00 7.650535343626199961e+08
2.284999999999998366e+00 7.993692514441709518e+08
2.314999999999998614e+00 8.329926754266887903e+08
2.344999999999998419e+00 8.658574526148350239e+08
2.374999999999998224e+00 8.979089459781699181e+08
2.404999999999998472e+00 9.290955155076341629e+08
2.434999999999998721e+00 9.593764695202350616e+08
2.464999999999998526e+00 9.887244605361464024e+08
2.494999999999998330e+00 1.017121368004139900e+09
2.524999999999998579e+00 1.044787358403774142e+09
2.554999999999998828e+00 1.071553350054677367e+09
2.584999999999998632e+00 1.097306192940140009e+09
2.614999999999998437e+00 1.122043378147495508e+09
2.644999999999998685e+00 2.216671228448534393e+10
2.674999999999998490e+00 1.168471899769409180e+09
2.704999999999998295e+00 1.190178933389363527e+09
2.734999999999998543e+00 1.321661921130671978e+09
2.764999999999998792e+00 1.230503131377801418e+09
2.794999999999998597e+00 6.855323586065999985e+09
2.824999999999998401e+00 1.266846991789256096e+09
2.854999999999998650e+00 1.283632682546999216e+09
2.884999999999998455e+00 1.299520890926711559e+09
2.914999999999998259e+00 1.314534788796158314e+09
2.944999999999998508e+00 1.401930309276497602e+09
2.974999999999998757e+00 2.266196200244796143e+11
3.004999999999998561e+00 1.354568364668696404e+09
3.034999999999998366e+00 1.366529643440721273e+09
3.064999999999998614e+00 1.377726994349514723e+09
3.094999999999998419e+00 1.388176395998740911e+09
3.124999999999998668e+00 1.397901670342094660e+09
3.154999999999998472e+00 9.659881825137663269e+10
3.184999999999998721e+00 1.415272936666986465e+09
3.214999999999998526e+00 7.858900301542777061e+09
3.244999999999998330e+00 1.443595935306370354e+10
3.274999999999998579e+00 1.451894568290314198e+09
3.304999999999998384e+00 1.442376534964872599e+09
3.334999999999998632e+00 2.662161607517861176e+10
3.364999999999998437e+00 1.150514252329009771e+09
3.394999999999998685e+00 1.004005684469868064e+09
3.424999999999998490e+00 1.740239866018759489e+09
3.454999999999998295e+00 1.030125795023735762e+09
3.484999999999998543e+00 1.034368517458505630e+09
3.514999999999998348e+00 8.494365555915643692e+09
3.544999999999998597e+00 9.262194458269808292e+08
3.574999999999998401e+00 9.043201360261887312e+08
3.604999999999998650e+00 9.136008099286959171e+08
3.634999999999998455e+00 9.211002263661451340e+08
3.664999999999998259e+00 9.288089626106843948e+08
3.694999999999998508e+00 9.364239927426679134e+08
3.724999999999998312e+00 3.348653798385374546e+09
3.754999999999998561e+00 9.508106226493571997e+08
3.784999999999998366e+00 9.689201760569895506e+08
3.814999999999998614e+00 9.247467582058939934e+08
3.844999999999998419e+00 9.025661595978074074e+08
3.874999999999998668e+00 9.084497455482954979e+08
3.904999999999998472e+00 9.134825389246420860e+08
3.934999999999998277e+00 9.188974698352998495e+08
3.964999999999998526e+00 9.241896506998395920e+08
3.994999999999998330e+00 9.292539884952455759e+08
4.024999999999998579e+00 9.341629544623106718e+08
4.054999999999997939e+00 9.388969586255036592e+08
4.084999999999999076e+00 9.434084863258219957e+08
4.114999999999998437e+00 9.477030850382769108e+08
4.144999999999998685e+00 9.517847510755181313e+08
4.174999999999998934e+00 9.556586098563877344e+08
4.204999999999998295e+00 9.593292497638587952e+08
4.234999999999998543e+00 9.628051062334308624e+08
4.264999999999998792e+00 9.661626446315139532e+08
4.294999999999998153e+00 9.693608350714850426e+08
4.324999999999998401e+00 9.723698308700464964e+08
4.354999999999998650e+00 9.751946159395946264e+08
4.384999999999998010e+00 9.778379706473699808e+08
4.414999999999998259e+00 9.803057379176650047e+08
4.444999999999998508e+00 9.826021921625295877e+08
4.474999999999997868e+00 9.847303917705256939e+08
4.504999999999999005e+00 9.866797895270576477e+08
4.534999999999998366e+00 9.884990417263427973e+08
4.564999999999998614e+00 9.901676927288863659e+08
4.594999999999998863e+00 9.916865035530060530e+08
4.624999999999998224e+00 9.930586628044499159e+08
4.654999999999998472e+00 9.942890173305169344e+08
4.684999999999998721e+00 9.953805671024322510e+08
4.714999999999998082e+00 9.963387601520556211e+08
4.744999999999998330e+00 9.971652667766872644e+08
4.774999999999998579e+00 9.978642620868217945e+08
4.804999999999997939e+00 9.984399025963627100e+08
4.834999999999999076e+00 9.988955732341394424e+08
4.864999999999998437e+00 9.992344946751897335e+08
4.894999999999997797e+00 9.994598244515868425e+08
4.924999999999998934e+00 9.995743553750927448e+08
4.954999999999998295e+00 9.995823028992964029e+08
4.984999999999998543e+00 9.994815020823549032e+08
5.014999999999998792e+00 9.992745835538839102e+08
5.044999999999998153e+00 9.989930303453227282e+08
5.074999999999998401e+00 9.986182166960875988e+08
5.104999999999998650e+00 9.981527782978098392e+08
5.134999999999998010e+00 9.975998722327142954e+08
5.164999999999998259e+00 9.969624327315005064e+08
5.194999999999998508e+00 9.962423105190950632e+08
5.224999999999998757e+00 9.954433616518026590e+08
5.254999999999998117e+00 9.945671685137457848e+08
5.284999999999998366e+00 9.936150298773429394e+08
5.314999999999998614e+00 9.925911916192132235e+08
5.344999999999998863e+00 9.914976303159978390e+08
5.374999999999998224e+00 9.903373582454079390e+08
5.404999999999998472e+00 9.891119801078008413e+08
5.434999999999998721e+00 9.878234573047052622e+08
5.464999999999998082e+00 9.864747015616055727e+08
5.494999999999998330e+00 9.850615062054520845e+08
5.524999999999998579e+00 9.835933405644036531e+08
5.554999999999998828e+00 9.820835701672527790e+08
5.584999999999998188e+00 9.805191791889150143e+08
5.614999999999998437e+00 9.789040365506112576e+08
5.644999999999998685e+00 9.772384519353048801e+08
5.674999999999998046e+00 9.755251632954720259e+08
5.704999999999998295e+00 9.737666908448095322e+08
5.734999999999998543e+00 9.719629410432678461e+08
5.764999999999998792e+00 9.701175753282803297e+08
5.794999999999998153e+00 9.682314145148742199e+08
5.824999999999998401e+00 9.663066509252725840e+08
5.854999999999998650e+00 9.643462686774601936e+08
5.884999999999998010e+00 9.623500337838442326e+08
5.914999999999998259e+00 9.603190108453360796e+08
5.944999999999998508e+00 9.582542487444057465e+08
5.974999999999998757e+00 9.561572505576411486e+08
6.004999999999998117e+00 9.540202468681386709e+08
6.034999999999998366e+00 9.518656056457353830e+08
6.064999999999998614e+00 9.496844161484730244e+08
6.094999999999997975e+00 9.474768640097659826e+08
6.124999999999998224e+00 9.452431721852933168e+08
6.154999999999998472e+00 9.429850557712143660e+08
6.184999999999998721e+00 9.407028865585629940e+08
6.214999999999998082e+00 9.383981494835385084e+08
6.244999999999998330e+00 9.360721648362966776e+08
6.274999999999998579e+00 9.337255551237317324e+08
6.304999999999997939e+00 9.313601807291431427e+08
6.334999999999998188e+00 9.289773515016729832e+08
6.364999999999998437e+00 9.265775427087036371e+08
6.394999999999998685e+00 9.241609005822904110e+08
6.424999999999998046e+00 9.217278626509631872e+08
6.454999999999998295e+00 9.192802002850691080e+08
6.484999999999998543e+00 9.168131167739695311e+08
6.514999999999998792e+00 9.143242363869357109e+08
6.544999999999998153e+00 9.118273033968293667e+08
6.574999999999998401e+00 9.093187295895372629e+08
6.604999999999998650e+00 9.067996249899036884e+08
6.634999999999998010e+00 9.042702457682409286e+08
6.664999999999998259e+00 9.017310433615009785e+08
6.694999999999998508e+00 8.991826215319186449e+08
6.724999999999998757e+00 8.966254743182848692e+08
6.754999999999998117e+00 8.940607757407357693e+08
6.784999999999998366e+00 8.914881033970781565e+08
6.814999999999998614e+00 8.889098903312247992e+08
6.844999999999997975e+00 8.863263592600265741e+08
6.874999999999998224e+00 8.837372057167260647e+08
6.904999999999998472e+00 8.811433784922661781e+08
6.934999999999998721e+00 8.785443565237579346e+08
6.964999999999998082e+00 8.759411941848053932e+08
6.994999999999998330e+00 8.733307723893253803e+08
7.024999999999998579e+00 8.707168664237935543e+08
7.054999999999997939e+00 8.680987948939335346e+08
7.084999999999998188e+00 8.654779066245476007e+08
7.114999999999998437e+00 8.628553360093258619e+08
7.144999999999998685e+00 8.602298558530523777e+08
7.174999999999998046e+00 8.576031993616654873e+08
7.204999999999998295e+00 8.549763895165878534e+08
7.234999999999998543e+00 8.523493290817047358e+08
7.264999999999998792e+00 8.497230270267301798e+08
7.294999999999998153e+00 8.470965503673491478e+08
7.324999999999998401e+00 8.444701032433881760e+08
7.354999999999998650e+00 8.418446684765025377e+08
7.384999999999998010e+00 8.392192737994077206e+08
7.414999999999998259e+00 8.365954133142410517e+08
7.444999999999998508e+00 8.339721802077713013e+08
7.474999999999998757e+00 8.313491474232550859e+08
7.504999999999998117e+00 8.287316706496593952e+08
7.534999999999998366e+00 8.261134769992221594e+08
7.564999999999998614e+00 8.234986325331382751e+08
7.594999999999997975e+00 8.208875640467154980e+08
7.624999999999998224e+00 8.182797829133173227e+08
7.654999999999998472e+00 8.156759121927655935e+08
7.684999999999998721e+00 8.130776152253659964e+08
7.714999999999998082e+00 8.104833494088681936e+08
7.744999999999998330e+00 8.078938519668713808e+08
7.774999999999998579e+00 8.053085945703715086e+08
7.804999999999997939e+00 8.027281291469424963e+08
7.834999999999998188e+00 8.001533123004944324e+08
7.864999999999998437e+00 7.975835828238916397e+08
7.894999999999998685e+00 7.950190952335283756e+08
7.924999999999998046e+00 7.924593243930106163e+08
7.954999999999998295e+00 7.899043569399100542e+08
7.984999999999998543e+00 7.873540310228097439e+08
8.014999999999997016e+00 7.848117654850938320e+08
8.044999999999998153e+00 7.822674173394625187e+08
8.074999999999999289e+00 7.797298763325347900e+08
8.104999999999998650e+00 7.771996514292557240e+08
8.134999999999998010e+00 7.746767468436616659e+08
8.164999999999999147e+00 7.721605308379279375e+08
8.194999999999998508e+00 7.696513781645872593e+08
8.224999999999997868e+00 7.671491811532566547e+08
8.254999999999999005e+00 7.646539845067707300e+08
8.284999999999998366e+00 7.621656257254359722e+08
8.314999999999997726e+00 7.596842394424535036e+08
8.344999999999998863e+00 7.572101032942875624e+08
8.374999999999998224e+00 7.547438645580688715e+08
8.404999999999997584e+00 7.522847397536185980e+08
8.434999999999998721e+00 7.498328464784961939e+08
8.464999999999998082e+00 7.473879727248618603e+08
8.494999999999997442e+00 7.449506344125981331e+08
8.524999999999998579e+00 7.425282285566196442e+08
8.554999999999997939e+00 7.401075896582679749e+08
8.584999999999997300e+00 7.376953672735667229e+08
8.614999999999998437e+00 7.352908664239923954e+08
8.644999999999999574e+00 7.328939949677132368e+08
8.674999999999997158e+00 7.305052086873779297e+08
8.704999999999998295e+00 7.281244046294720173e+08
8.734999999999999432e+00 7.257516399911545515e+08
8.764999999999997016e+00 7.233867795016680956e+08
8.794999999999998153e+00 7.210302735282337666e+08
8.824999999999999289e+00 7.186821774088122845e+08
8.854999999999998650e+00 7.163421294515047073e+08
8.884999999999998010e+00 7.140104541517485380e+08
8.914999999999999147e+00 7.116866793125818968e+08
8.944999999999998508e+00 7.093711348323547840e+08
8.974999999999997868e+00 7.070636767490607500e+08
9.004999999999999005e+00 7.047726290072373152e+08
9.034999999999998366e+00 7.024753921483341455e+08
9.064999999999997726e+00 7.001871874649481773e+08
9.094999999999998863e+00 6.979075590687837601e+08
9.124999999999998224e+00 6.956366227504863739e+08
9.154999999999997584e+00 6.933737194821615219e+08
9.184999999999998721e+00 6.911196052098377943e+08
9.214999999999998082e+00 6.888741474141554832e+08
9.244999999999997442e+00 6.866368383138247728e+08
9.274999999999998579e+00 6.844082410498172045e+08
9.304999999999997939e+00 6.821882285771900415e+08
9.334999999999999076e+00 6.799763531037406921e+08
9.364999999999998437e+00 6.777737025659316778e+08
9.394999999999997797e+00 6.755795770208201408e+08
9.424999999999998934e+00 6.733933026233807802e+08
9.454999999999998295e+00 6.712155228119832277e+08
9.484999999999997655e+00 6.690460359389735460e+08
9.514999999999998792e+00 6.668960063004812002e+08
9.544999999999998153e+00 6.647424165072505474e+08
9.574999999999997513e+00 6.625976897057446241e+08
9.604999999999998650e+00 6.604613275181585550e+08
9.634999999999998010e+00 6.583329017217043638e+08
9.664999999999999147e+00 6.562132905609461069e+08
9.694999999999998508e+00 6.541019996099848747e+08
9.724999999999997868e+00 6.519986066680382490e+08
9.754999999999999005e+00 6.499034360879095793e+08
9.784999999999998366e+00 6.478166480302170515e+08
9.814999999999997726e+00 6.457382898101986647e+08
9.844999999999998863e+00 6.436678808074247837e+08
9.874999999999998224e+00 6.416061681705104113e+08
9.904999999999997584e+00 6.395523933678817749e+08
9.934999999999998721e+00 6.375061776518508196e+08
9.964999999999998082e+00 6.354683986654055119e+08
9.994999999999997442e+00 6.334389789543164968e+08
1.002499999999999858e+01 6.314259076957161427e+08
1.005499999999999794e+01 6.294069059679567814e+08
1.008499999999999908e+01 6.273961299317386150e+08
1.011499999999999844e+01 6.253941276508853436e+08
1.014499999999999780e+01 6.234001834461807013e+08
1.017499999999999893e+01 6.214146995555870533e+08
1.020499999999999829e+01 6.194378192814877033e+08
1.023499999999999766e+01 6.174696485661257505e+08
1.026499999999999879e+01 6.155098298874112368e+08
1.029499999999999815e+01 6.135580784748674631e+08
1.032499999999999751e+01 6.116145865263515711e+08
1.035499999999999865e+01 6.096795350535758734e+08
1.038499999999999801e+01 6.077527418750444651e+08
1.041499999999999737e+01 6.058342110981733799e+08
1.044499999999999851e+01 6.039237850661503077e+08
1.047499999999999787e+01 6.020210402358855009e+08
1.050499999999999901e+01 6.001404532702388763e+08
1.053499999999999837e+01 5.982526467047343254e+08
1.056499999999999773e+01 5.963731130906301737e+08
1.059499999999999886e+01 5.945014784996844530e+08
1.062499999999999822e+01 5.926378359900840521e+08
1.065499999999999758e+01 5.907826001655461788e+08
1.068499999999999872e+01 5.889351343587920666e+08
1.071499999999999808e+01 5.870957986518026590e+08
1.074499999999999744e+01 5.852642352054879665e+08
1.077499999999999858e+01 5.834405068602353334e+08
1.080499999999999794e+01 5.816248013614406586e+08
1.083499999999999908e+01 5.798171081074035168e+08
1.086499999999999844e+01 5.780173985176991224e+08
1.089499999999999780e+01 5.762250291105836630e+08
1.092499999999999893e+01 5.744403326388245821e+08
1.095499999999999829e+01 5.726632294158127308e+08
1.098499999999999766e+01 5.708935527629038095e+08
1.101499999999999879e+01 5.691444845996609926e+08
1.104499999999999815e+01 5.673846420806117058e+08
1.107499999999999751e+01 5.656325369458026886e+08
1.110499999999999865e+01 5.638882417138886452e+08
1.113499999999999801e+01 5.621512546096322536e+08
1.116499999999999737e+01 5.604215753666285276e+08
1.119499999999999851e+01 5.586995911245536804e+08
1.122499999999999787e+01 5.569850838546180725e+08
1.125499999999999901e+01 5.552781354241068363e+08
1.128499999999999837e+01 5.535783347444612980e+08
1.131499999999999773e+01 5.518858553316986561e+08
1.134499999999999886e+01 5.502008308715127707e+08
1.137499999999999822e+01 5.485228711997916698e+08
1.140499999999999758e+01 5.468521734275788069e+08
1.143499999999999872e+01 5.451886053037160635e+08
1.146499999999999808e+01 5.435322008059562445e+08
1.149499999999999744e+01 5.418832708193324804e+08
1.152499999999999858e+01 5.402558892660330534e+08
1.155499999999999794e+01 5.386188724298055172e+08
1.158499999999999730e+01 5.369889179553260803e+08
1.161499999999999844e+01 5.353660479041516781e+08
1.164499999999999780e+01 5.337501704164971113e+08
1.167499999999999893e+01 5.321409434293903112e+08
1.170499999999999829e+01 5.305389280529773235e+08
1.173499999999999766e+01 5.289440250170289874e+08
1.176499999999999879e+01 5.273558305132831335e+08
1.179499999999999815e+01 5.257744158110779524e+08
1.182499999999999751e+01 5.241996628903785944e+08
1.185499999999999865e+01 5.226318605353389382e+08
1.188499999999999801e+01 5.210704465368290544e+08
1.191499999999999737e+01 5.195155592739003301e+08
1.194499999999999851e+01 5.179676282353879213e+08
1.197499999999999787e+01 5.164263819836611748e+08
1.200499999999999901e+01 5.149089352129971981e+08
1.203499999999999837e+01 5.133784766370434761e+08
1.206499999999999773e+01 5.118543864517637491e+08
1.209499999999999886e+01 5.103369402904559970e+08
1.212499999999999822e+01 5.088259254349495769e+08
1.215499999999999758e+01 5.073210449474992156e+08
1.218499999999999872e+01 5.058228648096506596e+08
1.221499999999999808e+01 5.043308538599272370e+08
1.224499999999999744e+01 5.028454570766314268e+08
1.227499999999999858e+01 5.013658900705154538e+08
1.230499999999999794e+01 4.998925269512713552e+08
1.233499999999999730e+01 4.984256682830617428e+08
1.236499999999999844e+01 4.969649100665092468e+08
1.239499999999999780e+01 4.955102782713910341e+08
1.242499999999999893e+01 4.940616750942661166e+08
1.245499999999999829e+01 4.926194799293047786e+08
1.248499999999999766e+01 4.911834526726619601e+08
1.251499999999999879e+01 4.897695860549294949e+08
1.254499999999999815e+01 4.883399679712488651e+08
1.257499999999999751e+01 4.869162595637685657e+08
1.260499999999999865e+01 4.854986873351097107e+08
1.263499999999999801e+01 4.840877443565705419e+08
1.266499999999999737e+01 4.826827816826454401e+08
1.269499999999999851e+01 4.812839133996239305e+08
1.272499999999999787e+01 4.798908264502813816e+08
1.275499999999999901e+01 4.785035435849681497e+08
1.278499999999999837e+01 4.771225125107827187e+08
1.281499999999999773e+01 4.757472963881163597e+08
1.284499999999999886e+01 4.743780637511460781e+08
1.287499999999999822e+01 4.730143925440676212e+08
1.290499999999999758e+01 4.716565512357923388e+08
1.293499999999999872e+01 4.703045960600122809e+08
1.296499999999999808e+01 4.689585994930985570e+08
1.299499999999999744e+01 4.676178126420428157e+08
1.302499999999999858e+01 4.663017870324055552e+08
1.305499999999999794e+01 4.649699112024012208e+08
1.308499999999999730e+01 4.636439479649845362e+08
1.311499999999999844e+01 4.623234198059320450e+08
1.314499999999999780e+01 4.610084431335952282e+08
1.317499999999999893e+01 4.596991099565294981e+08
1.320499999999999829e+01 4.583952828776243925e+08
1.323499999999999766e+01 4.570972726205253601e+08
1.326499999999999879e+01 4.558045251002104878e+08
1.329499999999999815e+01 4.545171486662289500e+08
1.332499999999999751e+01 4.532353190974035263e+08
1.335499999999999865e+01 4.519587113394424915e+08
1.338499999999999801e+01 4.506875681980405450e+08
1.341499999999999737e+01 4.494215221838015914e+08
1.344499999999999851e+01 4.481608854574306607e+08
1.347499999999999787e+01 4.469057324827193022e+08
1.350499999999999901e+01 4.456773809246044159e+08
1.353499999999999837e+01 4.444298660667318702e+08
1.356499999999999773e+01 4.431872338332821131e+08
1.359499999999999886e+01 4.419497853113395572e+08
1.362499999999999822e+01 4.407178549935696721e+08
1.365499999999999758e+01 4.394908550489736199e+08
1.368499999999999872e+01 4.382691245447341800e+08
1.371499999999999808e+01 4.370522144637833834e+08
1.374499999999999744e+01 4.358402802123223543e+08
1.377499999999999858e+01 4.346334896119928360e+08
1.380499999999999794e+01 4.334313789588055611e+08
1.383499999999999730e+01 4.322343963791883588e+08
1.386499999999999844e+01 4.310422524934626818e+08
1.389499999999999780e+01 4.298549565642980933e+08
1.392499999999999893e+01 4.286724452100086212e+08
1.395499999999999829e+01 4.274949003836737871e+08
1.398499999999999766e+01 4.263223419739676118e+08
1.401499999999999879e+01 4.251746569201194048e+08
1.404499999999999815e+01 4.240075904050369859e+08
1.407499999999999751e+01 4.228455088356837630e+08
1.410499999999999865e+01 4.216881305453777313e+08
1.413499999999999801e+01 4.205355751482555866e+08
1.416499999999999737e+01 4.193877953041211367e+08
1.419499999999999851e+01 4.182446811543067098e+08
1.422499999999999787e+01 4.171064158662132025e+08
1.425499999999999723e+01 4.159726993074522614e+08
1.428499999999999837e+01 4.148435915233480334e+08
1.431499999999999773e+01 4.137192293778350353e+08
1.434499999999999886e+01 4.125992128138172030e+08
1.437499999999999822e+01 4.114840282827064991e+08
1.440499999999999758e+01 4.103733509343518615e+08
1.443499999999999872e+01 4.092676706430318952e+08
1.446499999999999808e+01 4.081669473616279960e+08
1.449499999999999744e+01 4.070697414670011997e+08
1.452499999999999858e+01 4.059996781276208162e+08
1.455499999999999794e+01 4.049087041949910522e+08
1.458499999999999730e+01 4.038223398533006907e+08
1.461499999999999844e+01 4.027403765090129972e+08
1.464499999999999780e+01 4.016627658638710976e+08
1.467499999999999893e+01 4.005895250733509660e+08
1.470499999999999829e+01 3.995204454068353772e+08
1.473499999999999766e+01 3.984558807538796663e+08
1.476499999999999879e+01 3.973955081310659647e+08
1.479499999999999815e+01 3.963392129918957353e+08
1.482499999999999751e+01 3.952872845778548717e+08
1.485499999999999865e+01 3.942394248228033781e+08
1.488499999999999801e+01 3.931961383874188066e+08
1.491499999999999737e+01 3.921571976716636419e+08
1.494499999999999851e+01 3.911225617576007843e+08
1.497499999999999787e+01 3.900920647482335567e+08
1.500499999999999723e+01 3.890895497530896068e+08
1.503499999999999837e+01 3.880630618325660825e+08
1.506499999999999773e+01 3.870410270392545462e+08
1.509499999999999886e+01 3.860229797250852585e+08
1.512499999999999822e+01 3.850089247119063735e+08
1.515499999999999758e+01 3.839989198472914100e+08
1.518499999999999872e+01 3.829927324224259853e+08
1.521499999999999808e+01 3.819906211478585005e+08
1.524499999999999744e+01 3.809924757404692173e+08
1.527499999999999858e+01 3.799982620164779425e+08
1.530499999999999794e+01 3.790080236227335334e+08
1.533499999999999730e+01 3.780217321490222812e+08
1.536499999999999844e+01 3.770394573177405596e+08
1.539499999999999780e+01 3.760608476013649106e+08
1.542499999999999716e+01 3.750863122648263574e+08
1.545499999999999829e+01 3.741162318946240544e+08
1.548499999999999766e+01 3.731496458059425950e+08
1.551499999999999879e+01 3.722103162373875976e+08
1.554499999999999815e+01 3.712477532724251151e+08
1.557499999999999751e+01 3.702889277495272160e+08
1.560499999999999865e+01 3.693341742124736905e+08
1.563499999999999801e+01 3.683832586631452441e+08
1.566499999999999737e+01 3.674360832782590985e+08
1.569499999999999851e+01 3.664924074499703050e+08
1.572499999999999787e+01 3.655523861554723978e+08
1.575499999999999723e+01 3.646161820120519996e+08
1.578499999999999837e+01 3.636837994956949353e+08
1.581499999999999773e+01 3.627550521528499126e+08
1.584499999999999886e+01 3.618298770405858755e+08
1.587499999999999822e+01 3.609083318730869889e+08
1.590499999999999758e+01 3.599903666733188033e+08
1.593499999999999872e+01 3.590762342293720841e+08
1.596499999999999808e+01 3.581660158793359995e+08
1.599499999999999744e+01 3.572584468580347300e+08
1.602499999999999858e+01 3.563798956806978583e+08
1.605499999999999972e+01 3.554768054055806994e+08
1.608499999999999730e+01 3.545769506348898411e+08
1.611499999999999844e+01 3.536806867921644449e+08
1.614499999999999602e+01 3.527880418695478439e+08
1.617499999999999716e+01 3.518986935055537224e+08
1.620499999999999829e+01 3.510127932770342231e+08
1.623499999999999943e+01 3.501296644826452732e+08
1.626500000000000057e+01 3.492499956344949603e+08
1.629499999999999815e+01 3.483739978989679217e+08
1.632499999999999574e+01 3.475012854631754756e+08
1.635499999999999687e+01 3.466319693075572252e+08
1.638499999999999801e+01 3.457658979469945431e+08
1.641499999999999915e+01 3.449031469577614069e+08
1.644500000000000028e+01 3.440444574515640736e+08
1.647499999999999787e+01 3.431892124680338502e+08
1.650499999999999545e+01 3.423644393182705641e+08
1.653499999999999659e+01 3.415119058285731077e+08
1.656499999999999773e+01 3.406625303317141533e+08
1.659499999999999886e+01 3.398164838815811872e+08
1.662500000000000000e+01 3.389735712436317205e+08
1.665499999999999758e+01 3.381343971291158199e+08
1.668499999999999872e+01 3.372982411040900350e+08
1.671499999999999631e+01 3.364651424970299602e+08
1.674499999999999744e+01 3.356351978494316339e+08
1.677499999999999858e+01 3.348081998684662580e+08
1.680499999999999972e+01 3.339846164690043926e+08
1.683499999999999730e+01 3.331646560685229301e+08
1.686499999999999844e+01 3.323478292702674866e+08
1.689499999999999602e+01 3.315340679994208813e+08
1.692499999999999716e+01 3.307235327386162877e+08
1.695499999999999829e+01 3.299163335443873405e+08
1.698499999999999943e+01 3.291122501691670418e+08
1.701500000000000057e+01 3.283376347967917919e+08
1.704499999999999815e+01 3.275362656091114283e+08
1.707499999999999929e+01 3.267378007383417487e+08
1.710499999999999687e+01 3.259422795093228221e+08
1.713499999999999801e+01 3.251497857759715915e+08
1.716499999999999915e+01 3.243603780095406771e+08
1.719499999999999673e+01 3.235743059928206801e+08
1.722499999999999787e+01 3.227912298075055480e+08
1.725499999999999901e+01 3.220110492846144438e+08
1.728499999999999659e+01 3.212338178418850303e+08
1.731499999999999773e+01 3.204593221658527851e+08
1.734499999999999886e+01 3.196884493743370771e+08
1.737499999999999645e+01 3.189206071863349676e+08
1.740499999999999758e+01 3.181555535882518291e+08
1.743499999999999872e+01 3.173940522279211879e+08
1.746499999999999631e+01 3.166353914812152982e+08
1.749499999999999744e+01 3.158783568534814119e+08
1.752499999999999858e+01 3.151524385124418139e+08
1.755499999999999972e+01 3.143978466371539831e+08
1.758499999999999730e+01 3.136461511008133292e+08
1.761499999999999844e+01 3.128972018105498552e+08
1.764499999999999957e+01 3.121512201283667088e+08
1.767499999999999716e+01 3.114077865817818642e+08
1.770499999999999829e+01 3.106669718489907384e+08
1.773499999999999943e+01 3.099289546631553173e+08
1.776499999999999702e+01 3.091935189912306070e+08
1.779499999999999815e+01 3.084608952674998045e+08
1.782499999999999929e+01 3.077309963739736080e+08
1.785499999999999687e+01 3.070039255214098692e+08
1.788499999999999801e+01 3.062795920321100354e+08
1.791499999999999915e+01 3.055579198760119081e+08
1.794499999999999673e+01 3.048393487545547485e+08
1.797499999999999787e+01 3.041233906304514408e+08
1.800499999999999901e+01 3.034391991293029785e+08
1.803499999999999659e+01 3.027244972249177694e+08
1.806499999999999773e+01 3.020122244000341892e+08
1.809499999999999886e+01 3.013023911540945172e+08
1.812499999999999645e+01 3.005951788230215311e+08
1.815499999999999758e+01 2.998903722258470654e+08
1.818499999999999872e+01 2.991881810277176499e+08
1.821499999999999631e+01 2.984885184014171958e+08
1.824499999999999744e+01 2.977915235267226100e+08
1.827499999999999858e+01 2.970972076323071122e+08
1.830499999999999972e+01 2.964053076747840047e+08
1.833499999999999730e+01 2.957160289270982146e+08
1.836499999999999844e+01 2.950290719752711654e+08
1.839499999999999957e+01 2.943445222499248981e+08
1.842499999999999716e+01 2.936631587741703987e+08
1.845499999999999829e+01 2.929845392599354982e+08
1.848499999999999943e+01 2.923082067598922849e+08
1.851499999999999702e+01 2.916628030938324332e+08
1.854499999999999815e+01 2.909869649413455725e+08
1.857499999999999929e+01 2.903135988438359499e+08
1.860499999999999687e+01 2.896425727352623343e+08
1.863499999999999801e+01 2.889742628163197637e+08
1.866499999999999915e+01 2.883082488320668340e+08
1.869499999999999673e+01 2.876446380321412683e+08
1.872499999999999787e+01 2.869835502979673147e+08
1.875499999999999901e+01 2.863246503387737870e+08
1.878499999999999659e+01 2.856682366231813431e+08
1.881499999999999773e+01 2.850142651342048645e+08
1.884499999999999886e+01 2.843629230829030871e+08
1.887499999999999645e+01 2.837139188057596087e+08
1.890499999999999758e+01 2.830670712466533780e+08
1.893499999999999872e+01 2.824233682023847699e+08
1.896499999999999631e+01 2.817819156749586463e+08
1.899499999999999744e+01 2.811410784211637974e+08
1.902499999999999858e+01 2.805340228129049540e+08
1.905499999999999616e+01 2.798951742152307034e+08
1.908499999999999730e+01 2.792585164812899232e+08
1.911499999999999844e+01 2.786241206208215356e+08
1.914499999999999957e+01 2.779919454811899066e+08
1.917499999999999716e+01 2.773620349988017082e+08
1.920499999999999829e+01 2.767343728859368563e+08
1.923499999999999943e+01 2.761093870680282712e+08
1.926499999999999702e+01 2.754866935837737918e+08
1.929499999999999815e+01 2.748660913178493381e+08
1.932499999999999929e+01 2.742478217139714956e+08
1.935499999999999687e+01 2.736316044107370377e+08
1.938499999999999801e+01 2.730175463344234824e+08
1.941499999999999915e+01 2.724063114100228548e+08
1.944499999999999673e+01 2.717977588593289852e+08
1.947499999999999787e+01 2.711912792248276472e+08
1.950499999999999901e+01 2.706185108940577507e+08
1.953499999999999659e+01 2.700116754360683560e+08
1.956499999999999773e+01 2.694070042851803303e+08
1.959499999999999886e+01 2.688044613860334754e+08
1.962499999999999645e+01 2.682047194792768359e+08
1.965499999999999758e+01 2.676070524630025029e+08
1.968499999999999872e+01 2.670114046682825983e+08
1.971499999999999631e+01 2.664178231428583562e+08
1.974499999999999744e+01 2.658261878699802160e+08
1.977499999999999858e+01 2.652366834073300660e+08
1.980499999999999616e+01 2.646493014915866256e+08
1.983499999999999730e+01 2.640648257492002845e+08
1.986499999999999844e+01 2.634824340012815893e+08
1.989499999999999957e+01 2.629019526502034366e+08
1.992499999999999716e+01 2.623240924832806289e+08
1.995499999999999829e+01 2.617482690090109408e+08
1.998499999999999943e+01 2.611740261060976386e+08
2.001499999999999702e+01 2.606334824078524709e+08
2.004499999999999815e+01 2.600591651630496681e+08
2.007499999999999929e+01 2.594868435734871924e+08
2.010499999999999687e+01 2.589165854930951297e+08
2.013499999999999801e+01 2.583482480254261494e+08
2.016499999999999915e+01 2.577819162073509097e+08
2.019499999999999673e+01 2.572174225906193554e+08
2.022499999999999787e+01 2.566547952019467950e+08
2.025499999999999901e+01 2.560941993865997195e+08
2.028499999999999659e+01 2.555356492294770181e+08
2.031499999999999773e+01 2.549791528152282834e+08
2.034499999999999886e+01 2.544245354950805008e+08
2.037499999999999645e+01 2.538717599654394090e+08
2.040499999999999758e+01 2.533212269866687357e+08
2.043499999999999872e+01 2.527730273088035285e+08
2.046499999999999631e+01 2.522266686012719274e+08
2.049499999999999744e+01 2.516805375849326849e+08
2.052499999999999858e+01 2.511699094568966031e+08
2.055499999999999616e+01 2.506245760360169113e+08
2.058499999999999730e+01 2.500809718365090191e+08
2.061499999999999844e+01 2.495392456911235452e+08
2.064499999999999957e+01 2.489992662988504171e+08
2.067499999999999716e+01 2.484611443977671266e+08
2.070499999999999829e+01 2.479249228084098697e+08
2.073499999999999943e+01 2.473906222401262820e+08
2.076499999999999702e+01 2.468581996863730252e+08
2.079499999999999815e+01 2.463275587433535159e+08
2.082499999999999929e+01 2.457988659362441003e+08
2.085499999999999687e+01 2.452719894546103477e+08
2.088499999999999801e+01 2.447468825689271390e+08
2.091499999999999915e+01 2.442239278203095794e+08
2.094499999999999673e+01 2.437032020946336389e+08
2.097499999999999787e+01 2.431841577815826535e+08
2.100499999999999901e+01 2.427007730392263532e+08
2.103499999999999659e+01 2.421804685479120314e+08
2.106499999999999773e+01 2.416619121252956092e+08
2.109499999999999886e+01 2.411451389317539334e+08
2.112499999999999645e+01 2.406300009990653694e+08
2.115499999999999758e+01 2.401167107825616002e+08
2.118499999999999872e+01 2.396053165506953895e+08
2.121499999999999631e+01 2.390956753421183228e+08
2.124499999999999744e+01 2.385877889364949763e+08
2.127499999999999858e+01 2.380816187777319849e+08
2.130499999999999616e+01 2.375772755590166152e+08
2.133499999999999730e+01 2.370746363409546018e+08
2.136499999999999844e+01 2.365737252442815304e+08
2.139499999999999957e+01 2.360748957499728799e+08
2.142499999999999716e+01 2.355783093666664362e+08
2.145499999999999829e+01 2.350833153509773612e+08
2.148499999999999943e+01 2.345896667399984896e+08
2.151499999999999702e+01 2.341311727237702310e+08
2.154499999999999815e+01 2.336363569929417372e+08
2.157499999999999929e+01 2.331430643194657862e+08
2.160499999999999687e+01 2.326516005347503722e+08
2.163499999999999801e+01 2.321620920551144779e+08
2.166499999999999915e+01 2.316741815952361226e+08
2.169499999999999673e+01 2.311879233526037633e+08
2.172499999999999787e+01 2.307032494897982776e+08
2.175499999999999901e+01 2.302203094737853706e+08
2.178499999999999659e+01 2.297390433924860954e+08
2.181499999999999773e+01 2.292595367415167987e+08
2.184499999999999886e+01 2.287820255756874382e+08
2.187499999999999645e+01 2.283062330335123241e+08
2.190499999999999758e+01 2.278322957571631670e+08
2.193499999999999872e+01 2.273602308211959898e+08
2.196499999999999631e+01 2.268895479208942652e+08
2.199499999999999744e+01 1.500322657480949211e+10
2.202499999999999858e+01 2.259855308787678182e+08
2.205499999999999616e+01 2.255147093544340134e+08
2.208499999999999730e+01 2.250459658312248886e+08
2.211499999999999844e+01 2.245786733679017425e+08
2.214499999999999602e+01 2.241130409569211900e+08
2.217499999999999716e+01 2.807361989749228287e+10
2.220499999999999829e+01 2.231861807559394538e+08
2.223499999999999943e+01 2.227250658285663128e+08
2.226499999999999702e+01 2.222654829964153767e+08
2.229499999999999815e+01 2.218081307630994022e+08
2.232499999999999929e+01 2.213525509577634931e+08
2.235499999999999687e+01 2.208984651203547120e+08
2.238499999999999801e+01 2.204458751611697376e+08
2.241499999999999915e+01 2.199952443567517400e+08
2.244499999999999673e+01 2.195461484220720828e+08
2.247499999999999787e+01 2.190983784378973842e+08
2.250499999999999901e+01 2.186887354084959626e+08
2.253499999999999659e+01 2.182395168999397159e+08
2.256499999999999773e+01 2.177917409618740380e+08
2.259499999999999886e+01 2.173454870156091154e+08
2.262499999999999645e+01 2.169006143991773129e+08
2.265499999999999758e+01 2.164571102136701643e+08
2.268499999999999872e+01 2.160151066930823028e+08
2.271499999999999631e+01 2.155744358213448226e+08
2.274499999999999744e+01 2.151352392925249040e+08
2.277499999999999858e+01 2.146975839136162698e+08
2.280499999999999616e+01 2.142616050459120572e+08
2.283499999999999730e+01 2.138272036786429286e+08
2.286499999999999844e+01 2.133941562453326881e+08
2.289499999999999602e+01 2.129626623315573633e+08
2.292499999999999716e+01 2.125328987785455585e+08
2.295499999999999829e+01 2.121043994671875238e+08
2.298499999999999943e+01 2.116769674305314422e+08
2.301499999999999702e+01 2.112867767145769000e+08
2.304499999999999815e+01 2.108574578581728637e+08
2.307499999999999929e+01 2.104295958056181967e+08
2.310499999999999687e+01 2.100031168499506116e+08
2.313499999999999801e+01 2.095781871359781325e+08
2.316499999999999915e+01 2.091545316554194391e+08
2.319499999999999673e+01 2.087322596898183525e+08
2.322499999999999787e+01 2.083114214912488461e+08
2.325499999999999901e+01 2.078919321191166043e+08
2.328499999999999659e+01 2.074742099880692363e+08
2.331499999999999773e+01 2.070578705880061984e+08
2.334499999999999886e+01 2.066428852292262018e+08
2.337499999999999645e+01 2.062292685506124198e+08
2.340499999999999758e+01 2.058174195957654119e+08
2.343499999999999872e+01 2.054070412989756465e+08
2.346499999999999631e+01 2.049979096507591009e+08
2.349499999999999744e+01 2.045883496883385479e+08
2.352499999999999858e+01 2.042182902473101020e+08
2.355499999999999616e+01 2.038081398818644285e+08
2.358499999999999730e+01 2.033993001350538433e+08
2.361499999999999844e+01 2.029916907260718644e+08
2.364499999999999602e+01 2.025853681730064154e+08
2.367499999999999716e+01 2.021804563353274167e+08
2.370499999999999829e+01 2.017767396954323947e+08
2.373499999999999943e+01 2.013744066710552573e+08
2.376499999999999702e+01 2.009734986419427097e+08
2.379499999999999815e+01 2.005742585705865920e+08
2.382499999999999929e+01 2.001763384668264389e+08
2.385499999999999687e+01 1.997795634471279979e+08
2.388499999999999801e+01 1.993841267600313425e+08
2.391499999999999915e+01 1.989903399597846270e+08
2.394499999999999673e+01 1.985977291384433210e+08
2.397499999999999787e+01 1.982063337322721779e+08
2.400499999999999901e+01 1.978542816637887359e+08
2.403499999999999659e+01 1.974605902084940076e+08
2.406499999999999773e+01 1.970682502043535411e+08
2.409499999999999886e+01 1.966771376802724004e+08
2.412499999999999645e+01 1.962873239648264349e+08
2.415499999999999758e+01 1.958987378664056361e+08
2.418499999999999872e+01 1.955114351054149568e+08
2.421499999999999631e+01 1.951254897101210356e+08
2.424499999999999744e+01 1.947407809399684668e+08
2.427499999999999858e+01 1.943579490996115506e+08
2.430499999999999616e+01 1.939764738974235654e+08
2.433499999999999730e+01 1.935962304154421687e+08
2.436499999999999844e+01 1.932172629671740234e+08
2.439499999999999602e+01 1.928397407995757461e+08
2.442499999999999716e+01 1.924637008589743674e+08
2.445499999999999829e+01 1.920887556078522503e+08
2.448499999999999943e+01 1.917146870957317650e+08
2.451499999999999702e+01 1.913807208635749221e+08
2.454499999999999815e+01 1.910045730838341415e+08
2.457499999999999929e+01 1.906296799789002240e+08
2.460499999999999687e+01 1.902559460328220725e+08
2.463499999999999801e+01 1.898834206149244010e+08
2.466499999999999915e+01 1.895121793106844723e+08
2.469499999999999673e+01 1.891420732299185097e+08
2.472499999999999787e+01 1.887732438928626776e+08
2.475499999999999901e+01 1.884057280449770689e+08
2.478499999999999659e+01 1.880400835542984009e+08
2.481499999999999773e+01 1.876756691924617887e+08
2.484499999999999886e+01 1.873123660881197751e+08
2.487499999999999645e+01 1.869502263973584473e+08
2.490499999999999758e+01 2.620256179581450939e+09
2.493499999999999872e+01 4.915240854737046242e+09
2.496499999999999631e+01 1.858721005033541322e+08
2.499499999999999744e+01 1.855131789681086540e+08
2.502499999999999858e+01 1.851961501800641418e+08
2.505499999999999616e+01 1.848363086889401078e+08
2.508499999999999730e+01 1.844775710374979079e+08
2.511499999999999844e+01 1.841200114873923063e+08
2.514499999999999602e+01 2.231708895562989116e+08
2.517499999999999716e+01 1.834081445036084056e+08
2.520499999999999829e+01 1.830539479699144959e+08
2.523499999999999943e+01 1.827009094406814873e+08
2.526499999999999702e+01 1.823492178057397604e+08
2.529499999999999815e+01 1.819986403888891041e+08
2.532499999999999929e+01 1.816492605255674720e+08
2.535499999999999687e+01 1.813010534343354106e+08
2.538499999999999801e+01 1.809540908782160580e+08
2.541499999999999915e+01 1.632385597878874302e+09
2.544499999999999673e+01 1.802638150778220892e+08
2.547499999999999787e+01 1.843298769952116311e+08
2.550499999999999901e+01 1.796187813040070832e+08
2.553499999999999659e+01 1.755417919558935165e+08
2.556499999999999773e+01 1.749578495356769562e+08
2.559499999999999886e+01 1.745767459868721366e+08
2.562499999999999645e+01 1.742307025898400545e+08
2.565499999999999758e+01 1.739099732074990571e+08
2.568499999999999872e+01 1.735825850900694132e+08
2.571499999999999631e+01 1.732524335313303769e+08
2.574499999999999744e+01 1.729293355592760742e+08
2.577499999999999858e+01 1.726084797464129627e+08
2.580499999999999616e+01 1.722884193625009954e+08
2.583499999999999730e+01 1.719692433415898681e+08
2.586499999999999844e+01 1.716511124174347520e+08
2.589499999999999602e+01 1.713344589251825511e+08
2.592499999999999716e+01 1.710196140333612561e+08
2.595499999999999829e+01 1.707065721561761498e+08
2.598499999999999943e+01 1.703940057195726335e+08
2.601499999999999702e+01 1.701220283449471891e+08
2.604499999999999815e+01 1.698065061431702673e+08
2.607499999999999929e+01 1.694921443823888004e+08
2.610499999999999687e+01 1.691787979738642573e+08
2.613499999999999801e+01 1.688664795613233745e+08
2.616499999999999915e+01 1.685552628372406960e+08
2.619499999999999673e+01 1.682450258967815638e+08
2.622499999999999787e+01 1.679357390465866327e+08
2.625499999999999901e+01 1.676275581543000340e+08
2.628499999999999659e+01 1.673203791969548166e+08
2.631499999999999773e+01 1.670141060373919010e+08
2.634499999999999886e+01 1.667088120804992318e+08
2.637499999999999645e+01 1.664044806388112009e+08
2.640499999999999758e+01 1.661014483476493955e+08
2.643499999999999872e+01 1.657994977618328035e+08
2.646499999999999631e+01 1.654984178591922820e+08
2.649499999999999744e+01 1.651965176525022984e+08
2.652499999999999858e+01 1.649366246668207049e+08
2.655499999999999616e+01 1.646328365513972640e+08
2.658499999999999730e+01 1.643299939173839986e+08
2.661499999999999844e+01 1.640281365571199059e+08
2.664499999999999602e+01 1.637272316654891372e+08
2.667499999999999716e+01 1.634272538495557606e+08
2.670499999999999829e+01 1.631285997691651285e+08
2.673499999999999588e+01 1.628309065439987779e+08
2.676499999999999702e+01 1.625343083879937232e+08
2.679499999999999815e+01 1.622386312944343388e+08
2.682499999999999929e+01 1.619438180841682851e+08
2.685499999999999687e+01 1.616498655908353329e+08
2.688499999999999801e+01 1.613571082683137059e+08
2.691499999999999915e+01 1.610652578787954748e+08
2.694499999999999673e+01 1.607743177802686691e+08
2.697499999999999787e+01 1.604843705261419713e+08
2.700499999999999901e+01 1.602378028510347605e+08
2.703499999999999659e+01 1.599443449382330775e+08
2.706499999999999773e+01 1.596517086547802389e+08
2.709499999999999886e+01 1.593600155778893530e+08
2.712499999999999645e+01 1.590691593737254441e+08
2.715499999999999758e+01 1.587791825766468048e+08
2.718499999999999872e+01 1.584901665218262970e+08
2.721499999999999631e+01 1.582020336450889409e+08
2.724499999999999744e+01 1.579151970351926386e+08
2.727499999999999858e+01 1.576293610674214065e+08
2.730499999999999616e+01 1.573443994460501373e+08
2.733499999999999730e+01 1.570604222854385972e+08
2.736499999999999844e+01 1.567773097428243458e+08
2.739499999999999602e+01 1.564954275285055935e+08
2.742499999999999716e+01 1.562142993053543866e+08
2.745499999999999829e+01 1.559339486185301244e+08
2.748499999999999588e+01 1.556541090010807514e+08
2.751499999999999702e+01 1.554169410037453771e+08
2.754499999999999815e+01 1.551337866547415257e+08
2.757499999999999929e+01 1.548514081544873416e+08
2.760499999999999687e+01 1.545699247805311680e+08
2.763499999999999801e+01 1.542894442502384782e+08
2.766499999999999915e+01 1.540098564007883966e+08
2.769499999999999673e+01 1.537311919875428379e+08
2.772499999999999787e+01 1.534533582702629268e+08
2.775499999999999901e+01 1.531765769293465316e+08
2.778499999999999659e+01 1.529006597062107623e+08
2.781499999999999773e+01 1.526255217141485512e+08
2.784499999999999886e+01 1.523512036663848460e+08
2.787499999999999645e+01 1.520779402065205276e+08
2.790499999999999758e+01 1.518056415522305369e+08
2.793499999999999872e+01 1.515342561023617089e+08
2.796499999999999631e+01 1.512636431147549748e+08
2.799499999999999744e+01 1.509920395562548339e+08
2.802499999999999858e+01 1.507647513928178549e+08
2.805499999999999616e+01 1.504909606146157682e+08
2.808499999999999730e+01 1.502180662831865847e+08
2.811499999999999844e+01 1.499459552314728200e+08
2.814499999999999602e+01 1.496747510008425713e+08
2.817499999999999716e+01 1.494044676034407914e+08
2.820499999999999829e+01 1.491350120013110042e+08
2.823499999999999588e+01 1.488666952504884899e+08
2.826499999999999702e+01 1.485992201118431985e+08
2.829499999999999815e+01 1.483326073948614597e+08
2.832499999999999929e+01 1.480668768334725201e+08
2.835499999999999687e+01 1.478019227010616958e+08
2.838499999999999801e+01 1.475381628623891175e+08
2.841499999999999915e+01 1.472751866021612287e+08
2.844499999999999673e+01 1.470130099215314388e+08
2.847499999999999787e+01 1.467515404844830334e+08
2.850499999999999901e+01 1.465355541515826583e+08
2.853499999999999659e+01 1.462701474093687236e+08
2.856499999999999773e+01 1.460055304628119469e+08
2.859499999999999886e+01 1.457417191908321381e+08
2.862499999999999645e+01 1.454788258474850953e+08
2.865499999999999758e+01 1.452167346299683154e+08
2.868499999999999872e+01 1.449554822264286280e+08
2.871499999999999631e+01 1.446950241347256005e+08
2.874499999999999744e+01 1.444355828549089432e+08
2.877499999999999858e+01 1.441769602689474225e+08
2.880499999999999616e+01 1.439190945842447281e+08
2.883499999999999730e+01 1.436621729013097584e+08
2.886499999999999844e+01 1.434062005334029794e+08
2.889499999999999602e+01 1.431511771272802055e+08
2.892499999999999716e+01 1.428969343129502833e+08
2.895499999999999829e+01 1.426434665127465725e+08
2.898499999999999588e+01 1.423903442417505085e+08
2.901499999999999702e+01 1.421819944421780705e+08
2.904499999999999815e+01 1.419249627799735367e+08
2.907499999999999929e+01 1.416688175704185367e+08
2.910499999999999687e+01 1.414134665162539184e+08
2.913499999999999801e+01 1.411591089110890627e+08
2.916499999999999915e+01 1.409055732582564354e+08
2.919499999999999673e+01 1.406527683797321022e+08
2.922499999999999787e+01 1.404009883498055041e+08
2.925499999999999901e+01 1.401500389453229606e+08
2.928499999999999659e+01 1.398999311776039898e+08
2.931499999999999773e+01 1.396505998907390833e+08
2.934499999999999886e+01 1.394020288398692310e+08
2.937499999999999645e+01 1.391545194489842653e+08
2.940499999999999758e+01 1.389078360406073332e+08
2.943499999999999872e+01 1.386620612753923833e+08
2.946499999999999631e+01 1.384170333269521296e+08
2.949499999999999744e+01 1.381708960234956443e+08
2.952499999999999858e+01 1.379711127515971363e+08
2.955499999999999616e+01 1.377224075711016655e+08
2.958499999999999730e+01 1.374744735561462939e+08
2.961499999999999844e+01 1.372274564472253323e+08
2.964499999999999602e+01 1.369811681063936949e+08
2.967499999999999716e+01 1.367356770696633160e+08
2.970499999999999829e+01 1.364909998296724856e+08
2.973499999999999588e+01 1.362474242704520524e+08
2.976499999999999702e+01 1.360046664761296511e+08
2.979499999999999815e+01 1.357626173369874656e+08
2.982499999999999574e+01 1.355213082987655699e+08
2.985499999999999687e+01 1.352808095257063210e+08
2.988499999999999801e+01 1.350413025815662742e+08
2.991499999999999915e+01 1.348025853073505461e+08
2.994499999999999673e+01 1.345645522557321787e+08
2.997499999999999787e+01 1.343270699412092268e+08
3.000499999999999901e+01 1.341370456810133010e+08
3.003499999999999659e+01 1.338954070587719232e+08
3.006499999999999773e+01 1.336545910184220225e+08
3.009499999999999886e+01 1.334145299744065553e+08
3.012499999999999645e+01 1.331752635689312518e+08
3.015499999999999758e+01 1.329368099030179828e+08
3.018499999999999872e+01 1.326990920337503701e+08
3.021499999999999631e+01 1.324623343594267964e+08
3.024499999999999744e+01 1.322264332478187531e+08
3.027499999999999858e+01 1.319912794545830488e+08
3.030499999999999616e+01 1.317569249142511338e+08
3.033499999999999730e+01 1.315232819150250107e+08
3.036499999999999844e+01 1.312905990461245924e+08
3.039499999999999602e+01 1.310587165730276108e+08
3.042499999999999716e+01 1.308275607881360799e+08
3.045499999999999829e+01 1.305971491410768926e+08
3.048499999999999588e+01 1.303669845529847592e+08
3.051499999999999702e+01 1.301834274846575707e+08
3.054499999999999815e+01 1.299491378312357813e+08
3.057499999999999574e+01 1.297156898375878483e+08
3.060499999999999687e+01 1.294830537357226759e+08
3.063499999999999801e+01 1.292511205951831043e+08
3.066499999999999915e+01 1.290199424082255512e+08
3.069499999999999673e+01 1.287895170596814901e+08
3.072499999999999787e+01 1.285600161870886236e+08
3.075499999999999901e+01 1.283312760256119519e+08
3.078499999999999659e+01 1.281031968770065308e+08
3.081499999999999773e+01 1.278758641984098852e+08
3.084499999999999886e+01 1.276492998084610254e+08
3.087499999999999645e+01 1.274237255365399420e+08
3.090499999999999758e+01 1.271989765705517083e+08
3.093499999999999872e+01 1.269748483933045864e+08
3.096499999999999631e+01 1.267514265524666458e+08
3.099499999999999744e+01 1.265268829762851149e+08
3.102499999999999858e+01 1.263502278698507845e+08
3.105499999999999616e+01 1.261228581560932845e+08
3.108499999999999730e+01 1.258962315915882736e+08
3.111499999999999844e+01 1.256703307203008831e+08
3.114499999999999602e+01 1.254452173385505527e+08
3.117499999999999716e+01 1.252208098457533270e+08
3.120499999999999829e+01 1.249973396411035061e+08
3.123499999999999588e+01 1.247747500984317213e+08
3.126499999999999702e+01 1.245528735071837455e+08
3.129499999999999815e+01 1.243317360792497844e+08
3.132499999999999574e+01 1.241112549981405586e+08
3.135499999999999687e+01 1.238916666998501718e+08
3.138499999999999801e+01 1.236729014728964120e+08
3.141499999999999915e+01 1.234548070177793205e+08
3.144499999999999673e+01 1.232374266761500835e+08
3.147499999999999787e+01 1.230204860308069587e+08
3.150499999999999901e+01 1.228529194829311967e+08
3.153499999999999659e+01 1.226314998029191345e+08
3.156499999999999773e+01 1.224109298335873187e+08
3.159499999999999886e+01 1.221910676662535965e+08
3.162499999999999645e+01 1.219719005460630357e+08
3.165499999999999758e+01 1.217534671249103993e+08
3.168499999999999872e+01 1.215357459172914028e+08
3.171499999999999631e+01 1.213189116585458070e+08
3.174499999999999744e+01 1.211027788353236467e+08
3.177499999999999858e+01 1.208873159927464724e+08
3.180499999999999616e+01 1.206725339509410858e+08
3.183499999999999730e+01 1.204584602975458503e+08
3.186499999999999844e+01 1.202453631253088862e+08
3.189499999999999602e+01 1.200331246102417111e+08
3.192499999999999716e+01 1.198215065785552561e+08
3.195499999999999829e+01 1.196105267938871384e+08
3.198499999999999588e+01 1.193997058140086979e+08
3.201500000000000057e+01 1.192372996826848686e+08
3.204500000000000171e+01 1.190222226771372557e+08
3.207499999999999574e+01 1.188078043297482431e+08
3.210499999999999687e+01 1.185940842443391085e+08
3.213499999999999801e+01 1.183810779776243269e+08
3.216499999999999915e+01 1.181687524344922006e+08
3.219499999999999318e+01 1.179574191097320914e+08
3.222499999999999432e+01 1.177468953872200847e+08
3.225499999999999545e+01 1.175370388920231760e+08
3.228499999999999659e+01 1.173279195634703636e+08
3.231499999999999773e+01 1.171194369089480788e+08
3.234499999999999886e+01 1.169117428445074111e+08
3.237500000000000000e+01 1.167049032356853336e+08
3.240500000000000114e+01 1.164986933279202133e+08
3.243500000000000227e+01 1.162931756831085831e+08
3.246499999999999631e+01 1.160882679045823216e+08
3.249499999999999744e+01 1.158822379127300084e+08
3.252499999999999858e+01 1.157256820979565978e+08
3.255499999999999261e+01 1.155166796891437322e+08
3.258499999999999375e+01 1.153084446618766934e+08
3.261499999999999488e+01 1.151008665981236696e+08
3.264499999999999602e+01 1.148940095552850813e+08
3.267499999999999716e+01 1.146878283710567206e+08
3.270499999999999829e+01 1.144825295284833908e+08
3.273499999999999943e+01 1.142779320877446681e+08
3.276500000000000057e+01 1.140739759003536254e+08
3.279500000000000171e+01 1.138706605100194216e+08
3.282499999999999574e+01 1.136680736266946048e+08
3.285499999999999687e+01 1.134663036303513199e+08
3.288499999999999801e+01 1.132653069412465096e+08
3.291499999999999915e+01 1.130649395506425351e+08
3.294499999999999318e+01 1.128652276026643515e+08
3.297499999999999432e+01 1.126660042264441997e+08
3.300499999999999545e+01 1.125174772038813382e+08
3.303499999999999659e+01 1.123135268651442528e+08
3.306499999999999773e+01 1.121101680708874613e+08
3.309499999999999886e+01 1.119074704396002591e+08
3.312500000000000000e+01 1.117054554810736179e+08
3.315499999999999403e+01 1.115040521233332902e+08
3.318499999999999517e+01 1.113034837973799706e+08
3.321499999999999631e+01 1.111035779459498972e+08
3.324499999999999744e+01 1.109043335063488930e+08
3.327499999999999858e+01 1.107057843508179486e+08
3.330499999999999972e+01 1.105078478139670044e+08
3.333500000000000085e+01 1.103105717387539893e+08
3.336499999999999488e+01 1.101141756044618040e+08
3.339499999999999602e+01 1.099183845096625984e+08
3.342499999999999716e+01 1.097232372881774902e+08
3.345499999999999829e+01 1.095286462603169084e+08
3.348499999999999943e+01 1.093341364692539424e+08
3.351500000000000057e+01 1.091891637259625793e+08
3.354499999999999460e+01 1.089901957997868508e+08
3.357499999999999574e+01 1.087919031837269366e+08
3.360499999999999687e+01 1.085942357943575084e+08
3.363499999999999801e+01 1.083973260108717233e+08
3.366499999999999915e+01 1.082010815152737945e+08
3.369500000000000028e+01 1.080056458636037856e+08
3.372499999999999432e+01 1.078108612226274312e+08
3.375499999999999545e+01 1.076166776916836202e+08
3.378499999999999659e+01 1.074231337479479015e+08
3.381499999999999773e+01 1.072302432772525847e+08
3.384499999999999886e+01 1.070381004790934175e+08
3.387500000000000000e+01 1.068467316606276780e+08
3.390499999999999403e+01 1.066559421496450156e+08
3.393499999999999517e+01 1.064657508214496672e+08
3.396499999999999631e+01 1.062762634633414894e+08
3.399499999999999744e+01 1.060855971831180602e+08
3.402499999999999858e+01 1.059452083967749327e+08
3.405499999999999972e+01 1.057512850795623958e+08
3.408500000000000085e+01 1.055579825824473053e+08
3.411499999999999488e+01 1.053653364671569318e+08
3.414499999999999602e+01 1.051732840430656672e+08
3.417499999999999716e+01 1.049820523041573614e+08
3.420499999999999829e+01 1.047914779252030104e+08
3.423499999999999943e+01 1.046015012769812942e+08
3.426500000000000057e+01 1.044121524905326962e+08
3.429499999999999460e+01 1.042233896595316976e+08
3.432499999999999574e+01 1.040353483751424998e+08
3.435499999999999687e+01 1.038481495479694605e+08
3.438499999999999801e+01 1.036615647086959779e+08
3.441499999999999915e+01 1.034755803801761717e+08
3.444500000000000028e+01 1.032901933443129510e+08
3.447499999999999432e+01 1.031052489647656530e+08
3.450499999999999545e+01 1.029716371198162138e+08
3.453499999999999659e+01 1.027817253335405141e+08
3.456499999999999773e+01 1.025924774479787946e+08
3.459499999999999886e+01 1.024038130461675078e+08
3.462500000000000000e+01 1.022157971150768399e+08
3.465499999999999403e+01 1.020284176260711551e+08
3.468499999999999517e+01 1.018419002563938797e+08
3.471499999999999631e+01 1.016559979166437387e+08
3.474499999999999744e+01 1.014706699622718245e+08
3.477499999999999858e+01 1.012859382232310027e+08
3.480499999999999972e+01 1.011018281046525240e+08
3.483500000000000085e+01 1.009184058767857701e+08
3.486499999999999488e+01 1.007357911166635752e+08
3.489499999999999602e+01 1.005537444415862113e+08
3.492499999999999716e+01 1.003722689157667011e+08
3.495499999999999829e+01 1.001914500667310655e+08
3.498499999999999943e+01 1.000105025686747879e+08
3.501500000000000057e+01 9.987995190381954610e+07
3.504499999999999460e+01 9.969457322394655645e+07
3.507499999999999574e+01 9.950976264181269705e+07
3.510499999999999687e+01 9.932559885868547857e+07
3.513499999999999801e+01 9.914198517723563313e+07
3.516499999999999915e+01 9.895912384505882859e+07
3.519500000000000028e+01 9.877685371674208343e+07
3.522499999999999432e+01 9.859518377721662819e+07
3.525499999999999545e+01 9.841411924940630794e+07
3.528499999999999659e+01 9.823362793043856323e+07
3.531499999999999773e+01 9.805375359595157206e+07
3.534499999999999886e+01 9.787461135552772880e+07
3.537500000000000000e+01 9.769610029657335579e+07
3.540499999999999403e+01 9.751817504973948002e+07
3.543499999999999517e+01 9.734081450553224981e+07
3.546499999999999631e+01 9.716401304306946695e+07
3.549499999999999744e+01 9.698595041320183873e+07
3.552499999999999858e+01 9.685810334136684239e+07
3.555499999999999972e+01 9.667670266604758799e+07
3.558500000000000085e+01 9.649585667782735825e+07
3.561499999999999488e+01 9.631560248312912881e+07
3.564499999999999602e+01 9.613595484582516551e+07
3.567499999999999716e+01 9.595705661664929986e+07
3.570499999999999829e+01 9.577875548500335217e+07
3.573499999999999943e+01 9.560098209024487436e+07
3.576500000000000057e+01 9.542378522211386263e+07
3.579499999999999460e+01 9.524717780998279154e+07
3.582499999999999574e+01 9.507115706525875628e+07
3.585499999999999687e+01 9.489594385423906147e+07
3.588499999999999801e+01 9.472122687964838743e+07
3.591499999999999915e+01 9.454710206431472301e+07
3.594500000000000028e+01 9.437356311080846190e+07
3.597499999999999432e+01 9.420028706778860092e+07
3.600499999999999545e+01 9.407806563341061771e+07
3.603499999999999659e+01 9.389989018576231599e+07
3.606499999999999773e+01 9.372227560919879377e+07
3.609499999999999886e+01 9.354523877846230567e+07
3.612500000000000000e+01 9.336872416265460849e+07
3.615499999999999403e+01 9.319293205849201977e+07
3.618499999999999517e+01 9.301773950861233473e+07
3.621499999999999631e+01 9.284309005925855041e+07
3.624499999999999744e+01 9.266901694413813949e+07
3.627499999999999858e+01 9.249545007980082929e+07
3.630499999999999972e+01 9.232247242656998336e+07
3.633499999999999375e+01 9.215017081243161857e+07
3.636499999999999488e+01 9.197851849539542198e+07
3.639499999999999602e+01 9.180745027026955783e+07
3.642499999999999716e+01 9.163692826050880551e+07
3.645499999999999829e+01 9.146695984843596816e+07
3.648499999999999943e+01 9.129674010832779109e+07
3.651500000000000057e+01 9.117592889725039899e+07
3.654499999999999460e+01 9.100132987172971666e+07
3.657499999999999574e+01 9.082725511560782790e+07
3.660499999999999687e+01 9.065373177106271684e+07
3.663499999999999801e+01 9.048075173830880225e+07
3.666499999999999915e+01 9.030846612125332654e+07
3.669500000000000028e+01 9.013673988708667457e+07
3.672499999999999432e+01 8.996551456556746364e+07
3.675499999999999545e+01 8.979481797234587371e+07
3.678499999999999659e+01 8.962471276830425858e+07
3.681499999999999773e+01 8.945509009078031778e+07
3.684499999999999886e+01 8.928630919204382598e+07
3.687500000000000000e+01 8.911801947518353164e+07
3.690499999999999403e+01 8.895026243171094358e+07
3.693499999999999517e+01 8.878302097910088301e+07
3.696499999999999631e+01 8.861623538338895142e+07
3.699499999999999744e+01 8.844820515219889581e+07
3.702499999999999858e+01 8.832891674592529237e+07
3.705499999999999972e+01 8.815757335533797741e+07
3.708499999999999375e+01 8.798675579464641213e+07
3.711499999999999488e+01 8.781643416887734830e+07
3.714499999999999602e+01 8.764681837405477464e+07
3.717499999999999716e+01 8.747776150543098152e+07
3.720499999999999829e+01 8.730919254391276836e+07
3.723499999999999943e+01 8.714117454045480490e+07
3.726500000000000057e+01 8.697363486727730930e+07
3.729499999999999460e+01 8.680662111484679580e+07
3.732499999999999574e+01 8.664019864112846553e+07
3.735499999999999687e+01 8.647442042805488408e+07
3.738499999999999801e+01 8.630920560865597427e+07
3.741499999999999915e+01 8.614443644099792838e+07
3.744500000000000028e+01 8.598018252543970942e+07
3.747499999999999432e+01 8.581609339976233244e+07
3.750499999999999545e+01 8.570067847434234619e+07
3.753499999999999659e+01 8.553190410023404658e+07
3.756499999999999773e+01 8.536359236511602998e+07
3.759499999999999886e+01 8.519580422512106597e+07
3.762500000000000000e+01 8.502851783316430449e+07
3.765499999999999403e+01 8.486190462478587031e+07
3.768499999999999517e+01 8.469580028649614751e+07
3.771499999999999631e+01 8.453014867363540828e+07
3.774499999999999744e+01 8.436496787595474720e+07
3.777499999999999858e+01 8.420030688667094707e+07
3.780499999999999972e+01 8.403611208581572771e+07
3.783499999999999375e+01 8.387265359818135202e+07
3.786499999999999488e+01 8.370971076922066510e+07
3.789499999999999602e+01 8.354723920811328292e+07
3.792499999999999716e+01 8.338525908553884923e+07
3.795499999999999829e+01 8.322369649269396067e+07
3.798499999999999943e+01 8.306178962962387502e+07
3.801500000000000057e+01 8.294623796361036599e+07
3.804499999999999460e+01 8.278028210395790637e+07
3.807499999999999574e+01 8.261481482720436156e+07
3.810499999999999687e+01 8.244978652412375808e+07
3.813499999999999801e+01 8.228537072137632966e+07
3.816499999999999915e+01 8.212146535265223682e+07
3.819500000000000028e+01 8.195800888916696608e+07
3.822499999999999432e+01 8.179503924767322838e+07
3.825499999999999545e+01 8.163249003797961771e+07
3.828499999999999659e+01 8.147042499592570961e+07
3.831499999999999773e+01 8.130886515268398821e+07
3.834499999999999886e+01 8.114799944055120647e+07
3.837500000000000000e+01 8.098758693062838912e+07
3.840499999999999403e+01 8.082756522439232469e+07
3.843499999999999517e+01 8.066803517775774002e+07
3.846499999999999631e+01 8.050883095675969124e+07
3.849499999999999744e+01 8.034827063437391818e+07
3.852499999999999858e+01 8.023276198574057221e+07
3.855499999999999972e+01 8.006931792359891534e+07
3.858499999999999375e+01 7.990634416121125221e+07
3.861499999999999488e+01 7.974381043281872571e+07
3.864499999999999602e+01 7.958188394920508564e+07
3.867499999999999716e+01 7.942037802669325471e+07
3.870499999999999829e+01 7.925929914376190305e+07
3.873499999999999943e+01 7.909864017283435166e+07
3.876500000000000057e+01 7.893843003934057057e+07
3.879499999999999460e+01 7.877861471999719739e+07
3.882499999999999574e+01 7.861947935841891170e+07
3.885499999999999687e+01 7.846083650577224791e+07
3.888499999999999801e+01 7.830258208260494471e+07
3.891499999999999915e+01 7.814474864422991872e+07
3.894500000000000028e+01 7.798728290683692694e+07
3.897499999999999432e+01 7.782995005473396182e+07
3.900499999999999545e+01 7.771605055505588651e+07
3.903499999999999659e+01 7.755445657573948801e+07
3.906499999999999773e+01 7.739330513799369335e+07
3.909499999999999886e+01 7.723251094993221760e+07
3.912500000000000000e+01 7.707231501943045855e+07
3.915499999999999403e+01 7.691255861500723660e+07
3.918499999999999517e+01 7.675320459835051000e+07
3.921499999999999631e+01 7.659426783341974020e+07
3.924499999999999744e+01 7.643573023903991282e+07
3.927499999999999858e+01 7.627761800424371660e+07
3.930499999999999972e+01 7.611993003707177937e+07
3.933499999999999375e+01 7.596286910772237182e+07
3.936499999999999488e+01 7.580622130895578861e+07
3.939499999999999602e+01 7.564991805017237365e+07
3.942499999999999716e+01 7.549402141844145954e+07
3.945499999999999829e+01 7.533846278655233979e+07
3.948499999999999943e+01 7.518234146182157099e+07
3.951500000000000057e+01 7.506697458829165995e+07
3.954499999999999460e+01 7.490748223174802959e+07
3.957499999999999574e+01 7.474838089671401680e+07
3.960499999999999687e+01 7.458964649759727716e+07
3.963499999999999801e+01 7.443148133842596412e+07
3.966499999999999915e+01 7.427369195107331872e+07
3.969500000000000028e+01 7.411623153634983301e+07
3.972499999999999432e+01 7.395911710611714423e+07
3.975499999999999545e+01 7.380236250452513993e+07
3.978499999999999659e+01 7.364597027131648362e+07
3.981499999999999773e+01 7.349010592861343920e+07
3.984499999999999886e+01 7.333468942023351789e+07
3.987500000000000000e+01 7.317959357260937989e+07
3.990499999999999403e+01 7.302485708577756584e+07
3.993499999999999517e+01 7.287041847702613473e+07
3.996499999999999631e+01 7.271623971147589386e+07
3.999499999999999744e+01 7.256054636590541899e+07
4.002499999999999858e+01 7.244302814666730165e+07
4.005499999999999972e+01 7.228530049924123287e+07
4.008499999999999375e+01 7.212789032221379876e+07
4.011499999999999488e+01 7.197096143536007404e+07
4.014499999999999602e+01 7.181438479291099310e+07
4.017499999999999716e+01 7.165813226030230522e+07
4.020499999999999829e+01 7.150222109790068865e+07
4.023499999999999943e+01 7.134659961506254971e+07
4.026500000000000057e+01 7.119132711763320863e+07
4.029499999999999460e+01 7.103636845775459707e+07
4.032499999999999574e+01 7.088198041342641413e+07
4.035499999999999687e+01 7.072793119172377884e+07
4.038499999999999801e+01 7.057416054468828440e+07
4.041499999999999915e+01 7.042070832756540179e+07
4.044500000000000028e+01 7.026754095636470616e+07
4.047499999999999432e+01 7.011433544681978226e+07
4.050499999999999545e+01 6.999540375348852575e+07
4.053499999999999659e+01 6.983888082021836936e+07
4.056499999999999773e+01 6.968265085764384270e+07
4.059499999999999886e+01 6.952672082542747259e+07
4.062500000000000000e+01 6.937124406723098457e+07
4.065499999999999403e+01 6.921605290465295315e+07
4.068499999999999517e+01 6.906109495574076474e+07
4.071499999999999631e+01 6.890641322382016480e+07
4.074499999999999744e+01 6.875202083804395795e+07
4.077499999999999858e+01 6.859790957826620340e+07
4.080499999999999972e+01 6.844417775778816640e+07
4.083499999999999375e+01 6.829088458545212448e+07
4.086499999999999488e+01 6.813783472720019519e+07
4.089499999999999602e+01 6.798504658736920357e+07
4.092499999999999716e+01 6.783248534087595344e+07
4.095499999999999829e+01 6.768017419645577669e+07
4.098499999999999943e+01 6.752707799323339760e+07
4.101500000000000057e+01 6.740363923907712102e+07
4.104499999999999460e+01 6.724838970022916794e+07
4.107499999999999574e+01 6.709332078678568453e+07
4.110499999999999687e+01 6.693865225980688632e+07
4.113499999999999801e+01 6.678424032498224825e+07
4.116499999999999915e+01 6.663002991749902070e+07
4.119500000000000028e+01 6.647603389518665522e+07
4.122499999999999432e+01 6.632221306540802866e+07
4.125499999999999545e+01 6.616871106437304616e+07
4.128499999999999659e+01 6.601539330013672262e+07
4.131499999999999773e+01 6.586247799549365044e+07
4.134499999999999886e+01 6.570983096620500088e+07
4.137500000000000000e+01 6.555734233398073912e+07
4.140499999999999403e+01 6.540506230488000810e+07
4.143499999999999517e+01 6.525294609258434176e+07
4.146499999999999631e+01 6.510087561055302620e+07
4.149499999999999744e+01 6.494717024019007385e+07
4.152499999999999858e+01 6.481872234680107981e+07
4.155499999999999972e+01 6.466430567120804638e+07
4.158499999999999375e+01 6.451003722548556328e+07
4.161499999999999488e+01 6.435607001286346465e+07
4.164499999999999602e+01 6.420225384228000045e+07
4.167499999999999716e+01 6.404856331889402121e+07
4.170499999999999829e+01 6.389500277891089022e+07
4.173499999999999943e+01 6.374163025851634145e+07
4.176500000000000057e+01 6.358836222125694901e+07
4.179499999999999460e+01 6.343529011785782129e+07
4.182499999999999574e+01 6.328252744214836508e+07
4.185499999999999687e+01 6.312986273279875517e+07
4.188499999999999801e+01 6.297732200415090472e+07
4.191499999999999915e+01 6.282486386008647084e+07
4.194500000000000028e+01 6.267252784465058148e+07
4.197499999999999432e+01 6.251991033216276020e+07
4.200499999999999545e+01 6.238380443384043127e+07
4.203499999999999659e+01 6.222959002772778273e+07
4.206499999999999773e+01 6.207541554673524946e+07
4.209499999999999886e+01 6.192147901393699646e+07
4.212500000000000000e+01 6.176763655706617981e+07
4.215499999999999403e+01 6.161381578830228001e+07
4.218499999999999517e+01 6.146007142311724275e+07
4.221499999999999631e+01 6.130636495311662555e+07
4.224499999999999744e+01 6.115273364267633110e+07
4.227499999999999858e+01 6.099909712688666582e+07
4.230499999999999972e+01 6.084566113170833141e+07
4.233499999999999375e+01 6.069238499413128197e+07
4.236499999999999488e+01 6.053909092355085164e+07
4.239499999999999602e+01 6.038582570530892164e+07
4.242499999999999716e+01 6.023252769223441929e+07
4.245499999999999829e+01 6.007923928127906471e+07
4.248499999999999943e+01 5.992484516398213804e+07
4.251500000000000057e+01 5.977883795245905966e+07
4.254499999999999460e+01 5.962446824273390323e+07
4.257499999999999574e+01 5.947004551615342498e+07
4.260499999999999687e+01 5.931575012293373793e+07
4.263499999999999801e+01 5.916138166004972905e+07
4.266499999999999915e+01 5.900691281759016961e+07
4.269500000000000028e+01 5.885237063151238114e+07
4.272499999999999432e+01 5.869780173178212345e+07
4.275499999999999545e+01 5.854312032949628681e+07
4.278499999999999659e+01 5.838839105783190578e+07
4.281499999999999773e+01 5.823379419116673619e+07
4.284499999999999886e+01 5.807908933429045975e+07
4.287500000000000000e+01 5.792427883854437619e+07
4.290499999999999403e+01 5.776932263220871240e+07
4.293499999999999517e+01 5.761425772489361465e+07
4.296499999999999631e+01 5.745885625972928107e+07
4.299499999999999744e+01 5.730142646318586916e+07
4.302499999999999858e+01 5.714285159317798167e+07
4.305499999999999972e+01 5.698749917709904909e+07
4.308499999999999375e+01 5.683210585032855719e+07
4.311499999999999488e+01 5.667654991773132980e+07
4.314499999999999602e+01 5.652076616443710029e+07
4.317499999999999716e+01 5.636478594692293555e+07
4.320499999999999829e+01 5.620859843908614665e+07
4.323499999999999943e+01 5.605219257686161250e+07
4.326499999999999346e+01 5.589553040427862108e+07
4.329499999999999460e+01 5.573873647174403816e+07
4.332499999999999574e+01 5.558186302612819523e+07
4.335499999999999687e+01 5.542467655081911385e+07
4.338499999999999801e+01 5.526724275721747428e+07
4.341499999999999915e+01 5.510950693825880438e+07
4.344500000000000028e+01 5.495148087079228461e+07
4.347499999999999432e+01 5.479277405562159419e+07
4.350499999999999545e+01 5.461327610638111830e+07
4.353499999999999659e+01 5.445649269055849314e+07
4.356499999999999773e+01 5.429933874502717704e+07
4.359499999999999886e+01 5.414198433706475049e+07
4.362500000000000000e+01 5.398422950501117110e+07
4.365499999999999403e+01 5.382604917009792477e+07
4.368499999999999517e+01 5.366751941194015741e+07
4.371499999999999631e+01 5.350857092311924696e+07
4.374499999999999744e+01 5.334915020035358518e+07
4.377499999999999858e+01 5.318931184775377065e+07
4.380499999999999972e+01 5.302924326146465540e+07
4.383499999999999375e+01 5.286874643925929070e+07
4.386499999999999488e+01 5.270777921726891398e+07
4.389499999999999602e+01 5.254628414143974334e+07
4.392499999999999716e+01 5.238432515461216122e+07
4.395499999999999829e+01 5.222183194124406576e+07
4.398499999999999943e+01 5.205750083984307200e+07
4.401499999999999346e+01 5.185467088573579490e+07
4.404499999999999460e+01 5.169508800628582388e+07
4.407499999999999574e+01 5.153503726279845834e+07
4.410499999999999687e+01 5.137438279273874313e+07
4.413499999999999801e+01 5.121307020037453622e+07
4.416499999999999915e+01 5.105114246575856209e+07
4.419500000000000028e+01 5.088849745165697485e+07
4.422499999999999432e+01 5.072515927405859530e+07
4.425499999999999545e+01 5.056107943153405935e+07
4.428499999999999659e+01 5.039633362836106867e+07
4.431499999999999773e+01 5.023109459165202826e+07
4.434499999999999886e+01 5.006506334318701178e+07
4.437500000000000000e+01 4.989826692128403485e+07
4.440499999999999403e+01 4.973066164014941454e+07
4.443499999999999517e+01 4.956223189022041112e+07
4.446499999999999631e+01 4.939280096105935425e+07
4.449499999999999744e+01 4.922037295302623510e+07
4.452499999999999858e+01 4.898729402687969804e+07
4.455499999999999972e+01 4.882320609156780690e+07
4.458499999999999375e+01 4.865839913424665481e+07
4.461499999999999488e+01 4.849259586547089368e+07
4.464499999999999602e+01 4.832581115876100212e+07
4.467499999999999716e+01 4.815799917858564854e+07
4.470499999999999829e+01 4.798913637762251496e+07
4.473499999999999943e+01 4.781918947750443965e+07
4.476499999999999346e+01 4.764818109296891093e+07
4.479499999999999460e+01 4.747627195445319265e+07
4.482499999999999574e+01 4.730333304757855088e+07
4.485499999999999687e+01 4.712927031799196452e+07
4.488499999999999801e+01 4.695402274244439602e+07
4.491499999999999915e+01 4.677760963148660213e+07
4.494500000000000028e+01 4.659999344901485741e+07
4.497499999999999432e+01 4.642065325904645771e+07
4.500499999999999545e+01 4.613359731234449148e+07
4.503499999999999659e+01 4.596429096503956616e+07
4.506499999999999773e+01 4.579382915006729960e+07
4.509499999999999886e+01 4.562202864838435501e+07
4.512500000000000000e+01 4.544885626490385085e+07
4.515499999999999403e+01 4.527427305444312841e+07
4.518499999999999517e+01 4.509819018648858368e+07
4.521499999999999631e+01 4.492061429510895908e+07
4.524499999999999744e+01 4.474150933695655316e+07
4.527499999999999858e+01 4.456089292457551509e+07
4.530499999999999972e+01 4.437906039344521612e+07
4.533499999999999375e+01 4.419558955779705942e+07
4.536499999999999488e+01 4.401049555493985862e+07
4.539499999999999602e+01 4.382374388216339052e+07
4.542499999999999716e+01 4.363532928789220005e+07
4.545499999999999829e+01 4.344523608029478043e+07
4.548499999999999943e+01 4.325172014328832179e+07
4.551499999999999346e+01 4.290901750789986551e+07
4.554499999999999460e+01 4.273127482685600221e+07
4.557499999999999574e+01 4.255187996596011519e+07
4.560499999999999687e+01 4.237058736832902580e+07
4.563499999999999801e+01 4.218731711732055992e+07
4.566499999999999915e+01 4.200202350539173186e+07
4.569500000000000028e+01 4.181469029653727263e+07
4.572499999999999432e+01 4.162524659512405843e+07
4.575499999999999545e+01 4.143369466845439374e+07
4.578499999999999659e+01 4.124018648306326568e+07
4.581499999999999773e+01 4.104466367611684650e+07
4.584499999999999886e+01 4.084692940300472081e+07
4.587500000000000000e+01 4.064691647341684997e+07
4.590499999999999403e+01 4.044463459206003696e+07
4.593499999999999517e+01 4.024002541325657070e+07
4.596499999999999631e+01 4.003274056405635923e+07
4.599499999999999744e+01 3.982035828573895991e+07
4.602499999999999858e+01 3.940745855393488705e+07
4.605499999999999972e+01 3.921841169797690213e+07
4.608499999999999375e+01 3.902690497646634281e+07
4.611499999999999488e+01 3.883282128612940013e+07
4.614499999999999602e+01 3.863605463220272958e+07
4.617499999999999716e+01 3.843652102986904234e+07
4.620499999999999829e+01 3.823424225783401728e+07
4.623499999999999943e+01 3.802913018492242694e+07
4.626499999999999346e+01 3.782116741465301812e+07
4.629499999999999460e+01 3.761071011069643497e+07
4.632499999999999574e+01 3.739732597617049515e+07
4.635499999999999687e+01 3.718095526797117293e+07
4.638499999999999801e+01 3.696153357428383827e+07
4.641499999999999915e+01 3.673903935284890234e+07
4.644500000000000028e+01 3.651344959897562116e+07
4.647499999999999432e+01 3.628398679430909455e+07
4.650499999999999545e+01 3.575026440379607677e+07
4.653499999999999659e+01 3.554967640745712817e+07
4.656499999999999773e+01 3.534611903159092367e+07
4.659499999999999886e+01 3.513929593697876483e+07
4.662500000000000000e+01 3.492900849927597493e+07
4.665499999999999403e+01 3.471522420638030022e+07
4.668499999999999517e+01 3.449790999320779741e+07
4.671499999999999631e+01 3.427699775826317072e+07
4.674499999999999744e+01 3.405247603361370414e+07
4.677499999999999858e+01 3.382441395557743311e+07
4.680499999999999972e+01 3.359292492354430258e+07
4.683499999999999375e+01 3.335763478297543526e+07
4.686499999999999488e+01 3.311848432001462206e+07
4.689499999999999602e+01 3.287545199407120049e+07
4.692499999999999716e+01 3.262846238420887291e+07
4.695499999999999829e+01 3.237740404977990687e+07
4.698499999999999943e+01 3.212001563467447832e+07
4.701499999999999346e+01 3.147961211151761934e+07
4.704499999999999460e+01 3.126300162017474696e+07
4.707499999999999574e+01 3.104248803761400282e+07
4.710499999999999687e+01 3.081773591617122665e+07
4.713499999999999801e+01 3.058872602817278355e+07
4.716499999999999915e+01 3.035537709626843780e+07
4.719500000000000028e+01 3.011766301455073059e+07
4.722499999999999432e+01 2.987550210142404586e+07
4.725499999999999545e+01 2.962887656175385416e+07
4.728499999999999659e+01 2.937814174834432080e+07
4.731499999999999773e+01 2.912291447586409003e+07
4.734499999999999886e+01 2.886305114091725275e+07
4.737500000000000000e+01 2.859846386997564137e+07
4.740499999999999403e+01 2.832913505903163925e+07
4.743499999999999517e+01 2.805502838979846612e+07
4.746499999999999631e+01 2.777555087656949088e+07
4.749499999999999744e+01 2.748744567331975698e+07
4.752499999999999858e+01 2.674005566211753339e+07
4.755499999999999972e+01 2.650656837155654281e+07
4.758499999999999375e+01 2.626820459870297462e+07
4.761499999999999488e+01 2.602486112295121700e+07
4.764499999999999602e+01 2.577651756294051930e+07
4.767499999999999716e+01 2.552316626805138960e+07
4.770499999999999829e+01 2.526473397155870497e+07
4.773499999999999943e+01 2.500121444660343975e+07
4.776499999999999346e+01 2.473262997537003085e+07
4.779499999999999460e+01 2.445933116923516989e+07
4.782499999999999574e+01 2.418079069437952712e+07
4.785499999999999687e+01 2.389694217940314487e+07
4.788499999999999801e+01 2.360778616748587787e+07
4.791499999999999915e+01 2.331324539616832882e+07
4.794500000000000028e+01 2.301331955799886212e+07
4.797499999999999432e+01 2.270697892735537142e+07
4.800499999999999545e+01 2.179878644173847511e+07
4.803499999999999659e+01 2.155555523028388992e+07
4.806499999999999773e+01 2.130716258822312579e+07
4.809499999999999886e+01 2.105338306960901991e+07
4.812500000000000000e+01 2.079422581806757301e+07
4.815499999999999403e+01 2.052964514805537835e+07
4.818499999999999517e+01 2.025968105424449965e+07
4.821499999999999631e+01 1.998429146918195859e+07
4.824499999999999744e+01 1.970347890393458679e+07
4.827499999999999858e+01 1.941759479449869320e+07
4.830499999999999972e+01 1.912645871245513856e+07
4.833499999999999375e+01 1.882985902837131172e+07
4.836499999999999488e+01 1.852775090014174581e+07
4.839499999999999602e+01 1.822014419190058485e+07
4.842499999999999716e+01 1.790704380590363592e+07
4.845499999999999829e+01 1.758825870627699047e+07
4.848499999999999943e+01 1.726107867551840097e+07
4.851499999999999346e+01 1.630345047991385125e+07
4.854499999999999460e+01 1.605132391724010371e+07
4.857499999999999574e+01 1.579385330966542102e+07
4.860499999999999687e+01 1.553106652330478281e+07
4.863499999999999801e+01 1.526301575386564061e+07
4.866499999999999915e+01 1.498976013319664076e+07
4.869500000000000028e+01 1.471130639868039638e+07
4.872499999999999432e+01 1.442774194982772321e+07
4.875499999999999545e+01 1.413907313950800896e+07
4.878499999999999659e+01 1.384591687344800495e+07
4.881499999999999773e+01 1.354772561521428078e+07
4.884499999999999886e+01 1.324450680038682185e+07
4.887500000000000000e+01 1.293634492397981137e+07
4.890499999999999403e+01 1.262324691808062606e+07
4.893499999999999517e+01 1.230527071359948069e+07
4.896499999999999631e+01 1.198184039056018740e+07
4.899499999999999744e+01 1.164947236708978191e+07
4.902499999999999858e+01 1.073160975530866534e+07
4.905499999999999972e+01 1.047503176551490091e+07
4.908499999999999375e+01 1.021273910153474472e+07
4.911499999999999488e+01 9.944807154073823243e+06
4.914499999999999602e+01 9.671268832082990557e+06
4.917499999999999716e+01 9.392213566628666595e+06
4.920499999999999829e+01 9.107675518752129748e+06
4.923499999999999943e+01 8.817730333209784701e+06
4.926499999999999346e+01 8.522689636375872418e+06
4.929499999999999460e+01 8.222651520705751143e+06
4.932499999999999574e+01 7.917356476917509921e+06
4.935499999999999687e+01 7.606843447319769301e+06
4.938499999999999801e+01 7.291186871932834387e+06
4.941499999999999915e+01 6.970458887337611988e+06
4.944500000000000028e+01 6.644702417181451805e+06
4.947499999999999432e+01 6.312922204232950695e+06
4.950499999999999545e+01 5.445184454670030624e+06
4.953499999999999659e+01 5.198867927041731775e+06
4.956499999999999773e+01 4.937977962961314246e+06
4.959499999999999886e+01 4.663298121373051777e+06
4.962500000000000000e+01 4.375611160385971889e+06
4.965499999999999403e+01 4.075699036974357907e+06
4.968499999999999517e+01 3.764342906689185649e+06
4.971499999999999631e+01 3.442323123381272890e+06
4.974499999999999744e+01 3.110419238934872206e+06
4.977499999999999858e+01 2.769571969299469143e+06
4.980499999999999972e+01 2.420381884094308596e+06
4.983499999999999375e+01 2.063589529147638706e+06
4.986499999999999488e+01 1.699971394422457321e+06
4.989499999999999602e+01 1.330303166403650073e+06
4.992499999999999716e+01 9.553597278967115562e+05
4.995499999999999829e+01 5.758940818167461548e+05
4.998499999999999943e+01 1.926338340550522262e+05
